46 -0.000681148 -0.000221519 -0.000326342 5e-05 12 2.3635e-12 -0.000674169 -0.000220547 -0.000342921
154 -0.00058855 -0.000272842 -0.000256434 5e-05 13 2.2935e-12 -0.000583793 -0.000281728 -0.000252022
216 -0.000786731 -0.000332136 -0.000257775 5e-05 10 3.24169e-12 -0.000807976 -0.000336946 -0.000282332
246 -0.000689146 -0.000294249 -0.000157857 5e-05 13 2.2276e-12 -0.000679365 -0.000316816 -0.00015946
314 -0.00076292 -0.000205433 -0.00015562 5e-05 11 2.19401e-12 -0.000792284 -0.000206287 -0.000148649
408 -0.000684417 -0.000342388 -0.000320112 5e-05 8 2.71513e-12 -0.000685805 -0.000345735 -0.000329426
418 -0.000767801 -0.000227908 -0.000258423 5e-05 10 2.13375e-12 -0.000790424 -0.000227015 -0.000264792
443 -0.000787635 -0.000141405 -0.000343046 5e-05 8 2.92438e-12 -0.000802961 -0.00014568 -0.000344046
444 -0.000652378 -0.000193061 -0.000186367 5e-05 13 1.44718e-12 -0.000653247 -0.000189308 -0.000187268
44 -0.000539931 -0.00015589 -0.000211947 5e-05 15 1.80296e-12 -0.000536703 -0.000156722 -0.000209015
86 -0.000502457 -0.000138827 -0.000320137 5e-05 11 2.26656e-12 -0.000513229 -0.000151186 -0.0003366
97 -0.000461491 -0.000307876 -0.000143736 5e-05 13 2.76039e-12 -0.000459415 -0.000325737 -0.000161733
100 -0.000433003 -0.000273696 -0.000312433 5e-05 13 3.3814e-12 -0.000422822 -0.000292712 -0.000318697
162 -0.000293351 -0.000260712 -0.000289492 5e-05 11 2.19357e-12 -0.000300689 -0.000260936 -0.00030019
324 -0.000381814 -0.000159259 -0.00034127 5e-05 12 2.13597e-12 -0.000372706 -0.000160249 -0.000348757
357 -0.000368362 -0.000210653 -0.000182321 5e-05 14 1.78514e-12 -0.000370254 -0.000218475 -0.000186646
481 -0.000524975 -0.000334655 -0.000318549 5e-05 9 3.00952e-12 -0.000524056 -0.000341962 -0.000324414
115 -0.000242457 -0.000247248 -0.000142545 5e-05 17 2.00739e-12 -0.000240197 -0.000246132 -0.000141259
129 -7.82692e-05 -0.000226663 -0.000163501 5e-05 17 2.18456e-12 -7.5057e-05 -0.000223115 -0.000165466
135 -5.11288e-05 -0.000305274 -0.000265331 5e-05 10 2.15854e-12 -5.16239e-05 -0.000326276 -0.000269938
148 -0.000201105 -0.000188507 -0.000335876 5e-05 10 2.11945e-12 -0.000203243 -0.000182958 -0.000342719
294 -0.000285145 -0.000341961 -0.000209726 5e-05 11 2.35906e-12 -0.000299643 -0.000351716 -0.000210589
300 -6.40461e-05 -0.000162102 -0.000303937 5e-05 14 2.28168e-12 -7.33757e-05 -0.000155342 -0.000313061
320 -0.000195896 -0.000148285 -0.000212113 5e-05 14 1.92442e-12 -0.000191554 -0.000153813 -0.000214167
353 -0.000167568 -0.000337291 -0.000243214 5e-05 11 1.97485e-12 -0.000163099 -0.000338116 -0.000238339
457 -0.000225893 -0.000332612 -0.000330488 5e-05 8 2.40943e-12 -0.000238113 -0.000344429 -0.000346126
498 -0.000124797 -0.000264591 -0.000334351 5e-05 10 1.98287e-12 -0.000120068 -0.000277446 -0.000343498
156 0.000120341 -0.000273388 -0.000140413 5e-05 13 1.76428e-12 0.000121622 -0.000270542 -0.000145449
157 3.89556e-05 -0.000206626 -0.000224727 5e-05 14 1.81391e-12 4.15093e-05 -0.000207334 -0.000226071
186 0.000185584 -0.000178014 -0.000209604 5e-05 15 1.79947e-12 0.000179488 -0.000179339 -0.000202433
226 0.000227785 -0.00031337 -0.000258697 5e-05 12 2.75045e-12 0.000222812 -0.000331575 -0.000280422
302 9.39488e-05 -0.000328019 -0.000324295 5e-05 9 2.70777e-12 0.000102801 -0.000341569 -0.000332906
348 0.000162774 -0.000221968 -0.000321307 5e-05 11 2.1584e-12 0.000166197 -0.0002305 -0.000334208
351 5.64766e-05 -0.000153633 -0.000331632 5e-05 10 1.79138e-12 6.31001e-05 -0.00015238 -0.00033967
375 0.000284368 -0.000220985 -0.00022542 5e-05 14 1.702e-12 0.000291271 -0.000223239 -0.00021531
392 4.78389e-05 -0.000340388 -0.000204347 5e-05 11 2.20846e-12 4.78872e-05 -0.000345672 -0.000201906
404 0.000218403 -0.000336845 -0.000137108 5e-05 12 1.98125e-12 0.00021035 -0.000347663 -0.000136315
493 8.60724e-06 -0.000264317 -0.000342261 5e-05 10 1.86182e-12 4.30722e-06 -0.000274087 -0.000351621
56 0.000306625 -0.00019104 -0.000334469 5e-05 10 2.17237e-12 0.000302373 -0.000199401 -0.000346544
103 0.000336584 -0.000314286 -0.000268195 5e-05 11 2.64513e-12 0.000338732 -0.000334392 -0.00027825
187 0.000511898 -0.000327113 -0.000279245 5e-05 10 2.73413e-12 0.000512351 -0.000345453 -0.00028807
214 0.000448135 -0.00023415 -0.000220689 5e-05 16 2.19465e-12 0.000445023 -0.000239588 -0.000211156
252 0.000462709 -0.000138255 -0.00016504 5e-05 19 2.50372e-12 0.000465037 -0.000137893 -0.000163119
282 0.000500202 -0.000219111 -0.000336344 5e-05 8 1.84126e-12 0.000508029 -0.000220774 -0.00034776
290 0.000412732 -0.000154486 -0.00030601 5e-05 14 2.29745e-12 0.000414024 -0.000142252 -0.0003162
391 0.000414622 -0.000293162 -0.000341819 5e-05 8 2.37444e-12 0.000408026 -0.000312117 -0.000352015
33 0.000614816 -0.000290812 -0.000284011 5e-05 13 3.0664e-12 0.000618815 -0.000305921 -0.000306982
224 0.000660862 -0.000211331 -0.000224497 5e-05 14 2.04965e-12 0.000663204 -0.000210123 -0.000216748
235 0.000732728 -0.000343004 -0.000278847 5e-05 8 3.64738e-12 0.000758487 -0.000352211 -0.00030057
270 0.00077796 -0.000240497 -0.0003032 5e-05 10 3.59261e-12 0.000800212 -0.000251422 -0.000321562
283 0.000720303 -0.000139226 -0.00034349 5e-05 12 2.49187e-12 0.000710398 -0.000142525 -0.000345357
301 0.000582212 -0.000169079 -0.000292271 5e-05 12 2.14746e-12 0.000584809 -0.000167803 -0.00029592
341 0.000707948 -0.000343998 -0.000167957 5e-05 13 3.13013e-12 0.000719333 -0.000345829 -0.000159894
356 0.000784663 -0.000175332 -0.000211599 5e-05 10 2.94885e-12 0.000806971 -0.000179478 -0.000199539
20 -0.000696144 0.000107231 -0.000320944 5e-05 11 3.05839e-12 -0.00069114 0.000114218 -0.000339641
53 -0.000763088 3.36594e-05 -0.000139917 5e-05 14 2.60077e-12 -0.000793139 3.04966e-05 -0.0001389
95 -0.000622177 -0.000113467 -0.00028791 5e-05 12 2.20717e-12 -0.000627662 -0.000110457 -0.00031233
200 -0.000731303 -0.000104264 -0.000234741 5e-05 12 1.84045e-12 -0.000749927 -0.000101799 -0.000237864
257 -0.000758364 -1.19923e-05 -0.000323684 5e-05 11 3.23221e-12 -0.000774034 -1.192e-05 -0.000335754
319 -0.000638238 -6.51461e-05 -0.000175821 5e-05 13 1.84688e-12 -0.000630621 -6.20543e-05 -0.000169959
419 -0.000706668 1.49991e-05 -0.00022938 5e-05 12 1.66839e-12 -0.000698802 1.69332e-05 -0.000231605
494 -0.000783729 9.29041e-05 -0.000263815 5e-05 10 3.24928e-12 -0.000814629 0.000101593 -0.000274221
19 -0.000316087 -0.00012841 -0.000237211 5e-05 13 1.5333e-12 -0.000311308 -0.000129747 -0.000235144
35 -0.000474003 3.71074e-05 -0.000249421 5e-05 13 1.84823e-12 -0.000470555 4.20978e-05 -0.000244474
37 -0.000298266 1.72598e-05 -0.000344889 5e-05 12 2.26561e-12 -0.00030232 2.85727e-05 -0.000352357
68 -0.000460393 -4.21934e-05 -0.000160841 5e-05 17 1.97094e-12 -0.000463973 -3.71003e-05 -0.000161071
93 -0.000361617 -3.43461e-05 -0.000267922 5e-05 13 1.56494e-12 -0.000359908 -3.08187e-05 -0.000264006
209 -0.000567716 0.000113763 -0.000262472 5e-05 12 2.01159e-12 -0.0005784 0.000112051 -0.00026116
218 -0.000337076 6.74742e-05 -0.000207473 5e-05 14 2.10671e-12 -0.000345266 6.45962e-05 -0.000196911
331 -0.000563407 -1.62313e-05 -0.000291092 5e-05 15 2.6273e-12 -0.000573756 -1.00141e-05 -0.000309901
426 -0.000423089 -0.000115494 -0.000232385 5e-05 13 1.43619e-12 -0.000427244 -0.000119702 -0.000230944
459 -0.000450363 -4.10575e-05 -0.000335243 5e-05 10 2.03912e-12 -0.000449211 -3.00026e-05 -0.000348578
2 -0.000113739 0.000117107 -0.000269319 5e-05 15 2.01192e-12 -0.000122033 0.000130191 -0.000276967
29 -9.89299e-05 0.000107189 -0.000159444 5e-05 15 1.7625e-12 -9.86944e-05 0.000114473 -0.000159196
131 -0.000242752 -7.69428e-05 -0.000313423 5e-05 11 2.05038e-12 -0.000235657 -8.08334e-05 -0.000330204
176 -0.000226604 0.000101456 -0.000173293 5e-05 13 1.99607e-12 -0.000226092 0.000106739 -0.000169423
222 -0.000105096 -5.57611e-05 -0.000223619 5e-05 13 1.8038e-12 -0.000110304 -5.98794e-05 -0.000228058
321 -0.000223754 -6.61794e-06 -0.000231503 5e-05 17 1.89769e-12 -0.000225627 -6.92321e-06 -0.000219441
345 -0.000159514 2.9956e-05 -0.000316246 5e-05 14 2.72057e-12 -0.00015421 2.99682e-05 -0.000337957
467 -4.8698e-05 4.301e-05 -0.000231125 5e-05 13 1.45249e-12 -4.70275e-05 4.43107e-05 -0.000235766
6 0.000205092 4.88981e-05 -0.000152212 5e-05 18 1.88486e-12 0.000198914 5.09944e-05 -0.000146439
23 0.000268606 8.72128e-06 -0.000231755 5e-05 15 1.59136e-12 0.000259891 3.12708e-06 -0.000230844
40 0.000118294 -5.37668e-05 -0.000273441 5e-05 14 2.01342e-12 0.000123234 -4.88885e-05 -0.000286479
83 4.35605e-06 -6.09042e-05 -0.000336429 5e-05 10 1.95853e-12 -6.36355e-06 -5.75231e-05 -0.000347346
228 8.30395e-05 5.23264e-05 -0.00024814 5e-05 14 1.6934e-12 8.94084e-05 5.32997e-05 -0.000247164
261 0.000192652 -0.000122136 -0.000304874 5e-05 12 1.92305e-12 0.000191654 -0.000114017 -0.000322543
280 3.23653e-05 5.94895e-05 -0.000144172 5e-05 14 1.57952e-12 3.63924e-05 5.97725e-05 -0.000143238
307 1.68596e-05 4.78919e-05 -0.00033756 5e-05 11 2.02629e-12 2.19317e-05 4.81724e-05 -0.000348209
330 0.000139715 -6.11237e-05 -0.000155806 5e-05 18 2.17551e-12 0.000136851 -6.14461e-05 -0.000150204
342 0.000286682 -6.47995e-05 -0.000315281 5e-05 10 2.37041e-12 0.000289788 -5.41679e-05 -0.000339752
386 0.000189076 8.22004e-05 -0.000322318 5e-05 13 2.7713e-12 0.000183512 7.52583e-05 -0.000337025
447 1.5516e-06 -6.71291e-05 -0.000226276 5e-05 15 1.68287e-12 6.67875e-06 -7.37698e-05 -0.000219882
77 0.000292847 9.19753e-05 -0.000294164 5e-05 12 2.07915e-12 0.000297637 8.94423e-05 -0.000318465
122 0.000488104 1.79291e-05 -0.000276934 5e-05 14 2.22104e-12 0.000487836 1.85512e-05 -0.000291788
123 0.000539025 -7.05947e-05 -0.000343654 5e-05 11 2.53985e-12 0.000537356 -6.6294e-05 -0.000351019
140 0.000294329 0.000112909 -0.000173126 5e-05 14 1.47433e-12 0.000295322 0.000106176 -0.000166164
244 0.00030857 -0.000113987 -0.000213805 5e-05 15 1.68333e-12 0.00031491 -0.000115779 -0.000211474
268 0.00036364 -1.22749e-05 -0.000160376 5e-05 14 1.70369e-12 0.000358821 -1.36646e-05 -0.000154096
297 0.000384621 -2.03221e-05 -0.000264125 5e-05 13 2.03816e-12 0.000389904 -2.24085e-05 -0.000286778
398 0.000406192 9.61652e-05 -0.000252319 5e-05 14 1.57537e-12 0.000405813 9.34613e-05 -0.000245857
470 0.000471187 -1.5138e-05 -0.000142145 5e-05 13 1.6495e-12 0.000472324 -1.7264e-05 -0.000147196
107 0.000711306 8.11796e-06 -0.000299923 5e-05 10 2.15473e-12 0.00070965 1.11288e-05 -0.000319341
271 0.000616795 7.0031e-05 -0.000314964 5e-05 10 2.2015e-12 0.000611692 6.46952e-05 -0.000333077
305 0.000711943 -0.000114706 -0.000145035 5e-05 13 2.16018e-12 0.0007111 -0.000123674 -0.000139851
316 0.000597441 -4.80233e-05 -0.000234439 5e-05 16 2.0486e-12 0.000600077 -5.60808e-05 -0.000236516
381 0.000639328 5.66885e-05 -0.00020641 5e-05 16 1.75778e-12 0.0006333 6.27633e-05 -0.000204056
432 0.000773021 -5.05394e-05 -0.000230789 5e-05 11 2.25785e-12 0.000794201 -5.10044e-05 -0.000227474
462 0.000747392 5.95105e-05 -0.000207353 5e-05 11 2.37552e-12 0.000780403 6.90797e-05 -0.000215243
485 0.000787884 -4.9991e-05 -0.000343482 5e-05 9 2.8572e-12 0.000812839 -3.66233e-05 -0.000346267
43 -0.000712315 0.000152861 -0.000165066 5e-05 13 1.87535e-12 -0.000713079 0.000150957 -0.000172775
155 -0.000637615 0.00025099 -0.000225844 5e-05 14 1.86024e-12 -0.000635191 0.000247182 -0.000228388
272 -0.000762395 0.000240527 -0.000274632 5e-05 11 3.45131e-12 -0.000783596 0.000229541 -0.000299994
354 -0.000773065 0.000265808 -0.000160433 5e-05 12 2.78204e-12 -0.000804181 0.000271057 -0.000164661
405 -0.00061655 0.000340446 -0.000306584 5e-05 10 3.05586e-12 -0.000603301 0.00034519 -0.000322379
434 -0.000762337 0.000342774 -0.000322737 5e-05 8 3.32495e-12 -0.000784376 0.000338358 -0.000331783
492 -0.000706123 0.000342663 -0.000218159 5e-05 9 1.903e-12 -0.00070568 0.000350956 -0.000213128
85 -0.000325182 0.000202612 -0.000194402 5e-05 18 2.31587e-12 -0.000321799 0.000204794 -0.000184318
165 -0.000518911 0.000297152 -0.000154381 5e-05 13 2.5815e-12 -0.000524591 0.000323123 -0.000160917
188 -0.000378123 0.00014539 -0.000297856 5e-05 13 2.26345e-12 -0.000377937 0.000140946 -0.000311791
250 -0.000569451 0.000218037 -0.000327501 5e-05 11 2.39768e-12 -0.000581091 0.000221287 -0.000343255
299 -0.000496533 0.000153941 -0.000175027 5e-05 19 2.07841e-12 -0.000488829 0.000155098 -0.000182253
309 -0.000409387 0.000255996 -0.000326238 5e-05 12 3.00161e-12 -0.000408069 0.000280515 -0.000347726
332 -0.000370981 0.00030458 -0.000237029 5e-05 11 2.82198e-12 -0.000371967 0.000329265 -0.000240075
359 -0.000493909 0.000274591 -0.000263785 5e-05 13 2.4257e-12 -0.000492592 0.000295828 -0.000269975
397 -0.000488845 0.000136462 -0.000340733 5e-05 12 2.22257e-12 -0.00048909 0.00012594 -0.000349535
18 -0.000131032 0.000256594 -0.000187188 5e-05 13 2.13874e-12 -0.000136336 0.000254776 -0.000189306
126 -0.000224978 0.000231024 -0.00033083 5e-05 14 2.65334e-12 -0.000224921 0.000218896 -0.000339941
234 -1.4797e-05 0.000241614 -0.000182137 5e-05 16 2.20919e-12 -1.31256e-05 0.000242897 -0.000181926
269 -0.00011656 0.000283971 -0.000299934 5e-05 12 3.13719e-12 -0.000109542 0.000308888 -0.000312034
329 -1.5659e-05 0.000258028 -0.000319958 5e-05 10 2.497e-12 -1.31123e-05 0.000278974 -0.000337331
388 -0.000221241 0.000335075 -0.000222905 5e-05 13 2.71609e-12 -0.000222375 0.000340719 -0.000212553
409 -2.38073e-05 0.000148844 -0.000332128 5e-05 12 2.11044e-12 -3.23054e-05 0.000150381 -0.000340122
468 -0.000274728 0.000147596 -0.000272492 5e-05 14 1.91855e-12 -0.000264397 0.000144411 -0.000284711
497 -0.000243858 0.00034174 -0.000339736 5e-05 7 2.52758e-12 -0.000253839 0.000347147 -0.000344742
12 9.34861e-05 0.000191657 -0.000303498 5e-05 13 2.24197e-12 9.69217e-05 0.000188474 -0.000316351
124 0.00022234 0.000208015 -0.000291569 5e-05 13 2.38927e-12 0.000226098 0.000208353 -0.000310518
145 0.000266149 0.000316642 -0.000267537 5e-05 12 3.21971e-12 0.000259246 0.000336061 -0.000267758
152 6.19498e-05 0.000328399 -0.000256176 5e-05 12 3.31162e-12 5.63719e-05 0.000346472 -0.00025024
164 0.000143559 0.00026824 -0.00013973 5e-05 16 2.62485e-12 0.000142303 0.000281351 -0.00014987
189 0.000190239 0.000160429 -0.000166499 5e-05 16 1.8427e-12 0.000184033 0.000157671 -0.000165711
292 0.000278112 0.000221183 -0.000139191 5e-05 13 1.5526e-12 0.000271162 0.000228471 -0.000137679
323 6.73935e-05 0.000154892 -0.000199196 5e-05 18 1.88627e-12 6.52088e-05 0.00015824 -0.000193615
482 0.000146563 0.000299516 -0.000335354 5e-05 9 2.99912e-12 0.000149718 0.000317202 -0.000345393
50 0.000501604 0.000331971 -0.000206911 5e-05 11 2.24375e-12 0.00048348 0.000339221 -0.000205086
59 0.000471367 0.000156393 -0.000155312 5e-05 18 2.13698e-12 0.000474827 0.00016158 -0.000152384
119 0.000340695 0.000310948 -0.00014225 5e-05 14 2.72905e-12 0.000348195 0.000325568 -0.000154225
127 0.000517525 0.000135252 -0.000275268 5e-05 13 1.87059e-12 0.000523004 0.000131588 -0.000276569
130 0.000423434 0.000228568 -0.000272887 5e-05 13 1.65935e-12 0.000425475 0.000234554 -0.000260184
177 0.000535101 0.000332105 -0.000313109 5e-05 9 2.74691e-12 0.000541517 0.000345626 -0.000326711
334 0.000565533 0.000248491 -0.000204058 5e-05 16 1.65408e-12 0.000561439 0.0002411 -0.000208277
366 0.000375657 0.000303624 -0.000329265 5e-05 12 3.26238e-12 0.00037185 0.000319949 -0.00033753
421 0.000405864 0.000151651 -0.000344161 5e-05 11 2.30667e-12 0.000400777 0.000141644 -0.000357624
435 0.000320512 0.000192533 -0.000237531 5e-05 13 1.52744e-12 0.000324352 0.000198837 -0.00024088
476 0.000517397 0.000229119 -0.000337177 5e-05 10 1.7554e-12 0.000516159 0.000229616 -0.000346391
133 0.000672036 0.000273711 -0.000312515 5e-05 10 3.0294e-12 0.000679929 0.000304991 -0.000335593
232 0.000730638 0.000160991 -0.000303712 5e-05 12 3.93996e-12 0.000772239 0.000153686 -0.00032356
239 0.00058508 0.000328269 -0.000136799 5e-05 9 1.77111e-12 0.000586554 0.000340673 -0.000127368
315 0.000777825 0.000286635 -0.000259215 5e-05 9 4.94764e-12 0.000806295 0.000303325 -0.000289353
317 0.00066918 0.000221502 -0.0002169 5e-05 15 1.76277e-12 0.000673443 0.000211006 -0.00021117
460 0.000623824 0.000180122 -0.000341625 5e-05 8 1.71666e-12 0.000622339 0.000177963 -0.000346334
490 0.000682281 0.0003354 -0.000185184 5e-05 11 2.15896e-12 0.000681839 0.000346584 -0.000192294
24 -0.000642286 -0.000329955 2.14787e-05 5e-05 13 2.22435e-12 -0.000639684 -0.000331175 1.40292e-05
61 -0.000587256 -0.000172608 0.000115108 5e-05 16 2.18179e-12 -0.000581675 -0.000175476 0.000117345
141 -0.000588693 -0.000246174 -0.000119357 5e-05 12 1.72128e-12 -0.000590041 -0.000243272 -0.000115732
197 -0.000741268 -0.000242773 -3.567e-05 5e-05 13 2.7237e-12 -0.000764276 -0.000236464 -3.21061e-05
333 -0.000718912 -0.000217503 8.5929e-05 5e-05 15 2.96447e-12 -0.000738863 -0.00021667 8.84325e-05
358 -0.000671381 -0.000133694 -6.12572e-05 5e-05 13 1.93484e-12 -0.000665719 -0.000139376 -6.07637e-05
389 -0.000757954 -0.000343178 2.25934e-05 5e-05 8 2.99722e-12 -0.00078463 -0.00034076 2.94805e-05
403 -0.000609841 -0.000337789 0.000124579 5e-05 13 2.44951e-12 -0.000613151 -0.000338488 0.00012841
446 -0.000780376 -0.000342606 -0.000122513 5e-05 9 2.70516e-12 -0.000797244 -0.000341499 -0.000116251
34 -0.00048098 -0.00029441 0.000102926 5e-05 12 2.62103e-12 -0.000473186 -0.000307659 0.000100928
78 -0.000309026 -0.000301663 2.27133e-06 5e-05 12 2.37697e-12 -0.000309763 -0.000320644 6.71558e-06
138 -0.000540711 -0.000230775 -1.88767e-06 5e-05 16 2.19641e-12 -0.000545651 -0.00022372 9.25139e-07
144 -0.000332919 -0.000303617 -0.000103102 5e-05 9 2.08848e-12 -0.00033333 -0.000323143 -0.00010306
237 -0.000450699 -0.000316256 -2.05003e-05 5e-05 13 2.31735e-12 -0.000445602 -0.000335138 -1.23649e-05
281 -0.000390933 -0.000134812 -9.76531e-05 5e-05 13 1.52519e-12 -0.000389092 -0.000126639 -9.98541e-05
322 -0.000292808 -0.000307923 0.000126788 5e-05 15 2.64163e-12 -0.000303101 -0.000330562 0.000122613
365 -0.000476558 -0.000192676 -0.000116984 5e-05 14 1.66436e-12 -0.000481174 -0.000190205 -0.00011499
390 -0.00038866 -0.000222179 -3.50231e-05 5e-05 14 1.58886e-12 -0.000385266 -0.000220171 -3.47768e-05
401 -0.000410816 -0.000187961 7.86598e-05 5e-05 16 1.94803e-12 -0.000411784 -0.000193585 8.88621e-05
456 -0.000557001 -0.000337535 -7.62537e-05 5e-05 11 2.20251e-12 -0.000564319 -0.000350564 -8.37808e-05
3 -0.000182674 -0.000270722 6.65019e-05 5e-05 12 2.02142e-12 -0.000182231 -0.000267978 7.03447e-05
60 -5.36444e-05 -0.000172703 -3.84027e-05 5e-05 18 2.12147e-12 -4.97722e-05 -0.000174694 -3.51427e-05
150 -0.000157871 -0.000211433 -6.21628e-05 5e-05 14 1.91627e-12 -0.000165318 -0.000209949 -5.30758e-05
198 -0.000115869 -0.000325133 -0.000119825 5e-05 13 2.44164e-12 -0.000105803 -0.0003361 -0.000119391
311 -0.00027956 -0.00019904 5.67092e-05 5e-05 15 2.10728e-12 -0.000272646 -0.000193118 5.04855e-05
360 -9.66237e-05 -0.000337997 5.97804e-05 5e-05 13 2.55882e-12 -9.27672e-05 -0.000343762 6.24563e-05
445 -0.000174206 -0.000329312 -3.20602e-05 5e-05 11 2.15995e-12 -0.000184921 -0.000341433 -3.33791e-05
10 1.68963e-05 -0.000248054 2.38225e-05 5e-05 15 2.24172e-12 1.07807e-05 -0.000246294 2.04981e-05
11 0.000276325 -0.000140234 3.9193e-05 5e-05 16 1.80929e-12 0.000274185 -0.000138916 3.63537e-05
27 0.000258658 -0.000254284 0.000123802 5e-05 14 1.93636e-12 0.000254311 -0.000256114 0.000117928
72 0.000130398 -0.00021126 5.15834e-05 5e-05 15 1.8122e-12 0.000129933 -0.000211676 6.06586e-05
199 0.00016017 -0.000331841 7.8173e-05 5e-05 14 2.91652e-12 0.000167711 -0.00034348 8.74041e-05
225 5.6059e-05 -0.000164832 -0.00012635 5e-05 16 2.24052e-12 5.51463e-05 -0.000163592 -0.000117965
231 5.0613e-05 -0.000344061 -6.92805e-05 5e-05 13 2.49819e-12 3.92395e-05 -0.000345957 -6.54086e-05
288 0.000191238 -0.00017417 -3.10007e-05 5e-05 14 1.79125e-12 0.000186852 -0.000169684 -3.83627e-05
312 0.000143667 -0.000288232 -3.67682e-05 5e-05 12 1.7672e-12 0.00014484 -0.000298981 -3.32667e-05
376 3.18186e-05 -0.00033581 0.000105308 5e-05 11 2.59908e-12 2.89228e-05 -0.000344064 0.000113859
463 0.000252197 -0.00026992 -6.28634e-05 5e-05 15 1.66174e-12 0.000249961 -0.000268536 -5.93126e-05
1 0.000425931 -0.000323975 -7.6767e-05 5e-05 12 2.11889e-12 0.000427091 -0.000328223 -7.71936e-05
30 0.000336165 -0.000190979 -7.17197e-05 5e-05 15 1.91603e-12 0.00034471 -0.000196268 -8.25837e-05
65 0.000466891 -0.000183567 2.39658e-05 5e-05 15 1.76028e-12 0.00047291 -0.000183619 1.78641e-05
94 0.000577771 -0.000217519 -0.000113321 5e-05 16 2.34177e-12 0.000581265 -0.000209868 -0.000120112
147 0.000330168 -0.000319809 -2.34826e-06 5e-05 12 2.06419e-12 0.000316001 -0.000335848 3.4164e-06
204 0.000325345 -0.000336946 -0.000127184 5e-05 11 2.03707e-12 0.000333549 -0.000339179 -0.000137059
287 0.000514632 -0.000268832 -3.96919e-05 5e-05 13 1.7825e-12 0.000512101 -0.000272145 -3.8616e-05
295 0.000557564 -0.000284442 5.49115e-05 5e-05 16 2.58575e-12 0.000554479 -0.000299562 5.71544e-05
361 0.000519202 -0.000329924 -0.000132719 5e-05 12 2.62652e-12 0.000529138 -0.000342147 -0.000138972
422 0.000370421 -0.000228974 3.60509e-05 5e-05 14 1.5329e-12 0.000368485 -0.000228543 3.6468e-05
466 0.000410809 -0.000337629 7.30722e-05 5e-05 10 2.24238e-12 0.000425099 -0.000346199 7.4084e-05
73 0.000752168 -0.000205969 0.000119538 5e-05 13 3.07243e-12 0.000780941 -0.000208033 0.000127581
118 0.000778846 -0.000266039 -7.05474e-05 5e-05 14 4.26297e-12 0.000804967 -0.000271096 -7.71138e-05
173 0.000782291 -0.000331272 6.33969e-05 5e-05 10 3.63536e-12 0.000799551 -0.000334997 6.24367e-05
174 0.00071596 -0.000196024 7.77594e-06 5e-05 14 2.28495e-12 0.000724296 -0.000194756 6.12292e-06
276 0.000650873 -0.000287662 -4.36162e-05 5e-05 13 2.71861e-12 0.000650906 -0.000307584 -4.44724e-05
477 0.000663226 -0.000328693 9.62924e-05 5e-05 9 2.23773e-12 0.000657884 -0.000342026 9.002e-05
82 -0.000788906 -8.10833e-05 6.38279e-07 5e-05 14 3.64256e-12 -0.000816591 -8.87071e-05 1.57056e-05
182 -0.0006158 5.80083e-05 -0.000129838 5e-05 15 2.02974e-12 -0.000612642 5.46325e-05 -0.000136927
202 -0.000650709 -0.000112592 5.27335e-05 5e-05 12 1.89378e-12 -0.00064588 -0.000111267 4.98857e-05
275 -0.000665957 7.98054e-05 -3.39874e-05 5e-05 15 1.71368e-12 -0.000655625 8.03937e-05 -3.2915e-05
289 -0.000714471 -1.92947e-05 -4.31247e-05 5e-05 14 1.66668e-12 -0.000709303 -1.74754e-05 -4.62434e-05
325 -0.000768722 9.97173e-05 2.99449e-05 5e-05 14 3.08481e-12 -0.000803427 9.47482e-05 4.019e-05
370 -0.000719092 -2.34637e-05 6.49464e-05 5e-05 10 1.90784e-12 -0.000738033 -2.2003e-05 7.6169e-05
452 -0.000768108 -9.73468e-05 -0.000130339 5e-05 13 2.48938e-12 -0.000796855 -9.44868e-05 -0.000133313
475 -0.000657399 6.72414e-05 8.2049e-05 5e-05 11 1.4001e-12 -0.00065735 6.95871e-05 8.11862e-05
495 -0.000762319 0.000130581 -7.22692e-05 5e-05 12 2.2868e-12 -0.000788286 0.000133042 -7.77776e-05
16 -0.00038168 -0.000107553 6.54467e-06 5e-05 13 1.66134e-12 -0.000372728 -0.000104784 1.87217e-06
90 -0.000542822 -7.26951e-05 -6.26515e-05 5e-05 17 2.58117e-12 -0.000546577 -7.10718e-05 -5.80157e-05
134 -0.000570076 3.22507e-06 8.66941e-05 5e-05 20 2.27736e-12 -0.000564156 -2.4114e-06 7.77797e-05
137 -0.000306451 3.05353e-05 -6.51695e-05 5e-05 19 2.55779e-12 -0.000301308 2.61021e-05 -6.55144e-05
161 -0.00047566 -0.000104993 6.69781e-05 5e-05 14 1.91836e-12 -0.000487817 -0.000104348 6.50683e-05
191 -0.000544563 0.000126145 7.30564e-05 5e-05 15 1.92113e-12 -0.000538583 0.000122645 6.84703e-05
212 -0.000291484 3.32669e-05 9.25836e-05 5e-05 14 2.06616e-12 -0.000288769 3.13618e-05 9.14737e-05
223 -0.000418302 7.2563e-05 1.84488e-05 5e-05 13 1.69913e-12 -0.000421632 7.27262e-05 2.2452e-05
335 -0.000522795 8.98432e-05 -8.41927e-05 5e-05 14 2.02703e-12 -0.000524201 8.33926e-05 -7.6827e-05
423 -0.000397625 -1.8963e-05 6.65055e-05 5e-05 12 1.66195e-12 -0.000399405 -1.4626e-05 7.03154e-05
429 -0.000424636 -1.45811e-06 -6.13935e-05 5e-05 15 1.83673e-12 -0.000425905 -2.14671e-06 -6.43873e-05
14 -0.000114949 -0.000127784 9.02074e-05 5e-05 18 2.3933e-12 -0.000119056 -0.000139193 9.65601e-05
41 -0.000275398 -0.000106766 -0.000114633 5e-05 19 2.48598e-12 -0.0002741 -0.000102267 -0.00010595
62 -0.000158157 -6.68485e-05 8.09306e-06 5e-05 15 2.09752e-12 -0.000175287 -6.6536e-05 8.32809e-06
81 -0.000243851 0.000115813 3.32302e-05 5e-05 15 1.8396e-12 -0.000250534 0.000117812 3.52353e-05
104 -0.000128234 0.000128582 3.53664e-05 5e-05 13 1.61869e-12 -0.000121618 0.000133599 3.26324e-05
149 -0.000126343 3.48976e-05 9.38401e-05 5e-05 18 1.91518e-12 -0.000125198 3.25841e-05 9.03846e-05
233 -0.0001401 -3.26157e-06 -8.28171e-05 5e-05 14 1.8476e-12 -0.000148384 -9.24435e-07 -8.46101e-05
247 -0.000281269 -9.18385e-05 9.4238e-05 5e-05 14 1.99932e-12 -0.000277828 -8.90864e-05 8.65656e-05
326 -6.00215e-05 9.74547e-05 -5.94669e-05 5e-05 16 1.68107e-12 -5.79955e-05 9.31544e-05 -5.45722e-05
384 -0.000185009 0.000103125 -6.03013e-05 5e-05 11 1.59851e-12 -0.000190193 0.000100414 -6.07521e-05
393 -0.000139356 -0.000111559 -0.000104601 5e-05 15 1.68868e-12 -0.000137193 -0.000110949 -0.000108569
411 -4.02972e-05 -1.93205e-05 -0.000130764 5e-05 13 1.57147e-12 -3.83021e-05 -2.67362e-05 -0.000125787
451 -5.41671e-05 -4.77564e-05 4.11725e-05 5e-05 14 1.7204e-12 -5.14979e-05 -4.31986e-05 4.01331e-05
47 2.40022e-05 -5.51779e-05 -3.44956e-05 5e-05 12 1.82297e-12 2.52029e-05 -5.56506e-05 -3.92582e-05
79 0.000174998 -7.94616e-05 9.76927e-05 5e-05 14 1.90971e-12 0.000175485 -8.01644e-05 0.000102665
96 3.49923e-05 -8.18569e-05 0.000119181 5e-05 16 1.80815e-12 3.44655e-05 -7.97456e-05 0.000115743
136 0.000192556 2.28713e-05 2.16397e-05 5e-05 15 2.13395e-12 0.000188366 2.49126e-05 2.73674e-05
193 0.000289462 -5.72691e-05 0.00013039 5e-05 15 1.77319e-12 0.00028529 -5.19291e-05 0.000131863
194 0.000243065 -2.93998e-05 -6.50409e-05 5e-05 16 1.90469e-12 0.000243626 -3.22714e-05 -6.27309e-05
208 3.2704e-05 6.93733e-05 4.56549e-05 5e-05 18 2.18762e-12 3.31353e-05 6.5661e-05 5.18748e-05
227 9.35267e-05 4.67625e-05 -5.38228e-05 5e-05 13 1.85947e-12 0.000103001 4.47395e-05 -5.56146e-05
424 0.000258297 -0.000119932 -0.000119337 5e-05 13 1.66243e-12 0.000257579 -0.000120503 -0.000119638
442 0.000102721 -0.000103403 2.32497e-05 5e-05 15 1.86318e-12 0.000101236 -0.00010142 1.50627e-05
7 0.000543538 5.81128e-05 -0.000115419 5e-05 17 2.06591e-12 0.000545503 6.8886e-05 -0.000111893
32 0.000527717 -0.000110774 0.000100211 5e-05 15 1.55588e-12 0.000535597 -0.000115515 9.63343e-05
63 0.000470137 -3.50662e-05 -7.58375e-06 5e-05 15 1.55147e-12 0.000476783 -3.77629e-05 -1.06737e-05
76 0.000306173 5.49943e-05 -1.12477e-05 5e-05 17 1.87323e-12 0.000302214 5.94663e-05 -1.63154e-05
183 0.000557126 9.95425e-05 4.48033e-05 5e-05 12 1.56998e-12 0.000555349 0.000102297 3.98518e-05
192 0.000579066 -0.000101428 -2.21176e-05 5e-05 17 2.04654e-12 0.000578879 -0.000114882 -2.14678e-05
219 0.000449787 7.02288e-05 2.64894e-05 5e-05 18 1.9282e-12 0.000447643 7.87781e-05 2.94664e-05
274 0.000394235 -0.00010421 -4.12285e-05 5e-05 16 1.80264e-12 0.000392506 -0.000103483 -4.82407e-05
285 0.000334183 0.0001287 7.28026e-05 5e-05 12 1.7865e-12 0.000336646 0.000134487 7.5926e-05
352 0.000367754 -3.62514e-05 4.80108e-05 5e-05 15 1.69025e-12 0.000364886 -2.92431e-05 5.0807e-05
417 0.000526124 -3.15081e-06 9.81458e-05 5e-05 15 1.58403e-12 0.000520039 -7.99925e-07 9.96886e-05
437 0.000404391 4.29779e-05 -6.92514e-05 5e-05 13 1.60515e-12 0.000404195 4.7166e-05 -7.19911e-05
461 0.000417989 -0.000111024 0.000105171 5e-05 16 1.42347e-12 0.000416471 -0.000110103 0.00010562
45 0.00075555 8.67003e-06 5.42752e-05 5e-05 10 2.15504e-12 0.000778844 4.7414e-06 4.24661e-05
51 0.000658816 -0.000129219 0.000110432 5e-05 14 1.81847e-12 0.000656001 -0.00013252 0.000107257
116 0.000752062 -1.69735e-05 -0.000122907 5e-05 15 2.73262e-12 0.00078015 -2.30556e-05 -0.000111687
132 0.000586563 -5.04464e-05 -0.000125686 5e-05 14 1.88317e-12 0.000591346 -5.60059e-05 -0.00012484
153 0.000679456 0.000108738 -0.000113506 5e-05 13 1.90922e-12 0.000672313 0.000107429 -0.000108907
243 0.000604244 4.45256e-06 -2.75704e-06 5e-05 18 1.97987e-12 0.000613772 9.00807e-06 -6.43418e-06
248 0.000667861 -1.9478e-05 0.000122579 5e-05 15 1.73955e-12 0.000664522 -1.95632e-05 0.000126282
362 0.000685545 0.000103353 8.41406e-05 5e-05 15 1.80711e-12 0.000682654 0.000107732 8.04688e-05
364 0.00071053 -9.34554e-05 -2.34628e-05 5e-05 14 2.43588e-12 0.000733029 -9.26549e-05 -2.54451e-05
438 0.000772642 -8.06874e-05 0.000109569 5e-05 9 2.6429e-12 0.000802512 -9.18466e-05 9.77856e-05
469 0.000770322 7.397e-05 -3.80619e-05 5e-05 12 2.73299e-12 0.000792568 7.28138e-05 -3.46973e-05
71 -0.000585091 0.00021463 0.000122813 5e-05 16 1.84102e-12 -0.000583582 0.000216773 0.000124619
80 -0.000787621 0.000251305 -4.22738e-05 5e-05 11 2.74555e-12 -0.000805976 0.000248517 -3.61463e-05
111 -0.00062674 0.00029764 -4.93762e-05 5e-05 14 2.04854e-12 -0.000624518 0.000315505 -5.51449e-05
120 -0.000663022 0.000316077 7.94345e-05 5e-05 11 2.41066e-12 -0.000657818 0.000330275 9.31009e-05
215 -0.000678712 0.000188217 4.68508e-05 5e-05 15 1.81478e-12 -0.000687246 0.000193597 4.58345e-05
254 -0.000592359 0.000203235 -1.18479e-05 5e-05 13 1.62932e-12 -0.000586535 0.00019851 -1.23294e-05
318 -0.000743354 0.000340428 -6.48822e-07 5e-05 8 1.99445e-12 -0.000761172 0.000350686 -1.89917e-06
385 -0.000723908 0.000344915 -0.000104909 5e-05 10 2.03198e-12 -0.000736118 0.000353423 -0.000108979
448 -0.000628674 0.000217097 -0.000124656 5e-05 16 1.79339e-12 -0.000628997 0.000212282 -0.00012305
496 -0.000784766 0.000309135 9.95796e-05 5e-05 10 3.27813e-12 -0.000808443 0.000309121 0.000103157
28 -0.000449575 0.000314529 7.40528e-05 5e-05 11 1.78026e-12 -0.000448546 0.00032079 7.44458e-05
67 -0.000312987 0.00026757 5.49067e-05 5e-05 13 1.81585e-12 -0.00031053 0.000270208 5.81457e-05
87 -0.000380779 0.000290565 -0.000114636 5e-05 14 2.3137e-12 -0.000374724 0.000301085 -0.000121705
175 -0.000491784 0.00021713 -8.94337e-05 5e-05 13 1.45966e-12 -0.000493209 0.000216897 -8.66985e-05
184 -0.000546277 0.000319079 3.24862e-05 5e-05 10 1.94924e-12 -0.000550747 0.000329146 3.75763e-05
236 -0.000325512 0.0001886 -2.34309e-05 5e-05 15 1.96091e-12 -0.000316029 0.000186411 -3.24382e-05
258 -0.000421664 0.000150219 9.60222e-05 5e-05 16 1.87509e-12 -0.000411936 0.000150363 9.90417e-05
308 -0.000422493 0.000221099 8.27177e-06 5e-05 15 1.55474e-12 -0.000430395 0.000222428 1.13262e-05
402 -0.000413235 0.000139496 -6.45432e-05 5e-05 12 1.72274e-12 -0.000407443 0.00013513 -7.83167e-05
458 -0.000473783 0.000327914 -4.76213e-05 5e-05 9 1.89012e-12 -0.000476373 0.000342125 -5.31423e-05
465 -0.000346292 0.000344461 -2.14564e-05 5e-05 11 2.10192e-12 -0.000339549 0.000352474 -1.81857e-05
48 -0.000183563 0.000264689 1.73901e-05 5e-05 14 1.94666e-12 -0.000180358 0.000267963 2.26956e-05
143 -4.15024e-05 0.000222039 -4.20362e-05 5e-05 14 1.8284e-12 -4.36942e-05 0.00021826 -4.08038e-05
195 -0.000219174 0.000318821 -6.76469e-05 5e-05 12 2.67563e-12 -0.000222049 0.000335263 -7.11435e-05
241 -5.56156e-05 0.000172153 0.000125414 5e-05 17 1.79852e-12 -5.61632e-05 0.000163291 0.00012257
260 -0.000185128 0.000141071 0.000128573 5e-05 12 1.68597e-12 -0.000191539 0.000143458 0.00013333
328 -0.000179412 0.000219152 -7.78011e-05 5e-05 14 1.88966e-12 -0.000184453 0.000213669 -8.54525e-05
377 -6.09555e-05 0.000286678 6.82433e-05 5e-05 13 2.35646e-12 -6.44013e-05 0.000307279 5.93973e-05
379 -7.5697e-05 0.000316175 -9.27705e-05 5e-05 13 2.76941e-12 -7.92059e-05 0.000340543 -9.71683e-05
450 -0.000175368 0.000332355 0.000125148 5e-05 14 2.34924e-12 -0.000173584 0.000348938 0.000112731
17 0.000229032 0.000135907 6.22731e-05 5e-05 12 1.84671e-12 0.000228423 0.000133714 7.03402e-05
99 4.23648e-05 0.000142497 -3.66746e-05 5e-05 16 1.79387e-12 4.628e-05 0.000152337 -4.10895e-05
221 4.07633e-05 0.000223277 9.5491e-05 5e-05 13 1.48679e-12 3.9252e-05 0.000217379 9.05794e-05
262 0.00028197 0.000207247 -2.12848e-05 5e-05 14 1.64558e-12 0.000278816 0.000201021 -2.3648e-05
266 0.000157519 0.000187629 -2.14104e-05 5e-05 18 2.04074e-12 0.000156778 0.000181086 -2.83836e-05
344 3.66442e-05 0.000311142 -6.0834e-05 5e-05 12 2.68579e-12 3.99673e-05 0.000329822 -6.53354e-05
394 0.000211715 0.000284435 4.5173e-05 5e-05 12 1.74121e-12 0.000211384 0.000290575 5.09285e-05
416 0.000135313 0.000169789 0.000114092 5e-05 13 1.85063e-12 0.000140713 0.000169327 0.000115237
431 3.44584e-05 0.000326227 0.000130268 5e-05 11 2.1768e-12 3.04248e-05 0.000347346 0.000131217
472 0.000190349 0.00033079 -5.30883e-05 5e-05 11 2.41772e-12 0.000186782 0.000345213 -6.2838e-05
500 9.69754e-05 0.000286826 3.34458e-05 5e-05 13 1.87375e-12 9.60565e-05 0.000302011 3.05196e-05
8 0.000387042 0.000225926 -3.4911e-05 5e-05 15 1.95834e-12 0.000396426 0.000226532 -3.00049e-05
70 0.000316301 0.000299252 6.64079e-05 5e-05 12 1.71657e-12 0.000317391 0.000300188 6.66293e-05
102 0.000431064 0.000178223 0.000109846 5e-05 16 2.16831e-12 0.000428543 0.000173356 0.000116953
159 0.00057053 0.000309073 8.5541e-05 5e-05 12 2.1298e-12 0.000570604 0.000327957 7.59983e-05
251 0.000523275 0.000222569 -3.82388e-05 5e-05 16 1.9432e-12 0.000517758 0.000219478 -4.15777e-05
253 0.000416593 0.000330985 8.21188e-05 5e-05 12 2.46434e-12 0.000419912 0.000338939 8.12344e-05
259 0.000370955 0.000156328 -0.000112743 5e-05 15 1.6246e-12 0.000373175 0.000154897 -0.000111145
278 0.000479436 0.000335008 -6.25785e-05 5e-05 13 2.64512e-12 0.000476657 0.000340557 -5.88924e-05
349 0.000309812 0.000331514 -4.34993e-05 5e-05 10 1.97285e-12 0.00031433 0.000343608 -4.11732e-05
487 0.000524104 0.000214431 7.20548e-05 5e-05 13 1.53014e-12 0.000520933 0.000213908 7.04592e-05
92 0.000779527 0.000317309 -0.000125609 5e-05 10 3.04637e-12 0.000796568 0.000320831 -0.000128351
101 0.000622062 0.000177638 -5.64791e-06 5e-05 14 1.77576e-12 0.000625083 0.00017606 -3.97517e-06
166 0.000613805 0.000230916 -0.000107321 5e-05 14 1.7545e-12 0.000619671 0.0002268 -0.000106037
168 0.000663894 0.000335808 1.59571e-06 5e-05 14 2.44918e-12 0.00065665 0.000341072 -2.82554e-06
178 0.000783147 0.000160285 -0.000125872 5e-05 12 3.04785e-12 0.000806536 0.000165562 -0.000136065
180 0.000735811 0.000210693 -2.51622e-05 5e-05 12 2.30969e-12 0.000753948 0.000210792 -2.41425e-05
211 0.000720289 0.000256174 8.49603e-05 5e-05 11 1.67618e-12 0.000721729 0.000252405 8.05135e-05
484 0.000785141 0.000146072 0.000110059 5e-05 12 2.7837e-12 0.000808921 0.000155972 0.000103238
486 0.000778294 0.000335084 -6.33643e-06 5e-05 9 2.71519e-12 0.000800819 0.000333005 -1.46997e-06
98 -0.000766786 -0.00022408 0.00021482 5e-05 10 3.72102e-12 -0.00079806 -0.000201502 0.000219684
146 -0.000634051 -0.000301909 0.000245685 5e-05 12 2.4273e-12 -0.000638129 -0.000313714 0.000244147
245 -0.00068893 -0.000206107 0.000322348 5e-05 11 3.14355e-12 -0.000708503 -0.00020807 0.000340244
277 -0.000787949 -0.000332415 0.000184328 5e-05 8 3.04323e-12 -0.000797519 -0.000335275 0.000169428
355 -0.000762528 -0.000319324 0.000286951 5e-05 8 4.33737e-12 -0.000782436 -0.000323914 0.000322886
427 -0.000602828 -0.000180573 0.00022751 5e-05 13 1.81524e-12 -0.000607667 -0.000178846 0.000225083
54 -0.00056451 -0.000335955 0.000343403 5e-05 12 3.12484e-12 -0.000565527 -0.000330935 0.000347339
64 -0.000509691 -0.000231083 0.000233885 5e-05 16 2.0187e-12 -0.000503813 -0.000227173 0.000227124
88 -0.000333729 -0.000231787 0.000187653 5e-05 16 2.10794e-12 -0.000343201 -0.000233057 0.00019179
89 -0.000406833 -0.000323001 0.000278182 5e-05 10 2.36392e-12 -0.000408238 -0.000336591 0.000282824
172 -0.000307256 -0.000190638 0.000344712 5e-05 13 2.13467e-12 -0.000299569 -0.000194325 0.000346031
255 -0.000496666 -0.000148582 0.000308848 5e-05 12 2.54626e-12 -0.000494865 -0.000138122 0.000326248
382 -0.00048642 -0.00033369 0.000208962 5e-05 9 2.1204e-12 -0.000485105 -0.000345676 0.000204793
436 -0.000315662 -0.000330506 0.000331438 5e-05 9 2.15998e-12 -0.000320558 -0.000333577 0.000338499
488 -0.000417925 -0.000223791 0.000323074 5e-05 9 2.13505e-12 -0.00042269 -0.000227366 0.000336394
108 -0.000122825 -0.000268222 0.000175729 5e-05 17 2.96084e-12 -0.000111853 -0.000282374 0.000181866
112 -0.000135899 -0.000246327 0.000326853 5e-05 11 2.39009e-12 -0.000137937 -0.000240687 0.000335092
213 -0.00023919 -0.000331347 0.00022254 5e-05 12 2.32003e-12 -0.000233543 -0.00034128 0.000216076
293 -0.000208044 -0.000195269 0.000237779 5e-05 16 2.08837e-12 -0.000208194 -0.000193927 0.000235375
372 -0.000203962 -0.000330662 0.000326625 5e-05 9 2.40697e-12 -0.000188446 -0.000339907 0.000332336
378 -7.31558e-06 -0.000319827 0.000321706 5e-05 11 3.19192e-12 -1.76123e-05 -0.00034366 0.000318052
473 -2.82043e-05 -0.00020469 0.000335645 5e-05 11 2.17265e-12 -2.83595e-05 -0.000190703 0.000345368
15 4.49658e-05 -0.000275189 0.000217081 5e-05 13 2.50478e-12 4.65198e-05 -0.000292652 0.000215684
125 0.000123819 -0.000162221 0.000303819 5e-05 15 2.73273e-12 0.000124823 -0.000148594 0.00032778
163 4.14858e-06 -0.000145213 0.000249744 5e-05 13 1.64369e-12 6.01232e-06 -0.000142078 0.000252041
170 0.000167352 -0.000272957 0.000265078 5e-05 12 2.19224e-12 0.000163468 -0.000298498 0.000255297
240 0.000283106 -0.000282291 0.000258536 5e-05 12 1.77703e-12 0.000283072 -0.000292399 0.000255908
369 0.000173016 -0.000197394 0.000188209 5e-05 17 1.91784e-12 0.000167487 -0.00019401 0.000179163
399 1.3025e-05 -0.000184237 0.000150391 5e-05 14 2.02033e-12 9.06104e-06 -0.000189405 0.000143317
414 0.000246087 -0.000175897 0.000264701 5e-05 13 1.65697e-12 0.00024426 -0.00017414 0.000269152
425 0.000223026 -0.000340325 0.000339993 5e-05 11 2.83853e-12 0.000224303 -0.000342874 0.000342087
428 8.22944e-05 -0.000267786 0.000343121 5e-05 9 2.06044e-12 9.12159e-05 -0.000279268 0.000349619
38 0.000367258 -0.000159894 0.000242475 5e-05 16 1.88078e-12 0.000374692 -0.000159548 0.000242785
74 0.000395636 -0.000308145 0.000291066 5e-05 13 3.11754e-12 0.000394548 -0.000319526 0.000306773
113 0.000430956 -0.000235594 0.00014672 5e-05 17 1.86376e-12 0.000430565 -0.000239814 0.000151713
117 0.000499283 -0.000336783 0.000218273 5e-05 12 2.58033e-12 0.000504561 -0.000344627 0.000205088
169 0.000321714 -0.00032996 0.000161816 5e-05 14 2.45862e-12 0.000317155 -0.000344719 0.000163953
267 0.000520156 -0.000150108 0.000281246 5e-05 15 2.40389e-12 0.000517828 -0.000152894 0.0003081
350 0.000338662 -0.000205387 0.000332949 5e-05 11 2.40997e-12 0.000346212 -0.000208167 0.000350593
374 0.000558482 -0.000250291 0.000283388 5e-05 12 2.09585e-12 0.000557675 -0.000249281 0.000300022
474 0.000531604 -0.000201136 0.000179789 5e-05 15 1.49774e-12 0.000526028 -0.000203914 0.00017647
479 0.000330199 -0.000159356 0.000138329 5e-05 15 1.47846e-12 0.000324449 -0.000162518 0.000143086
499 0.000521047 -0.000339899 0.000338369 5e-05 9 2.5776e-12 0.000524347 -0.000338997 0.000346229
9 0.000688347 -0.000327487 0.000211627 5e-05 12 2.3507e-12 0.000680561 -0.000338394 0.000214671
42 0.000766263 -0.000212062 0.000291902 5e-05 9 3.11209e-12 0.000793845 -0.00021078 0.000300056
57 0.000623536 -0.00024811 0.000151153 5e-05 12 1.70435e-12 0.000623783 -0.000247186 0.000152237
230 0.000662058 -0.000187513 0.000277201 5e-05 14 2.03138e-12 0.000662328 -0.000183601 0.000286028
346 0.000683696 -0.000286834 0.000334695 5e-05 9 3.03892e-12 0.000685535 -0.000306343 0.000349325
454 0.000783882 -0.000315574 0.000254833 5e-05 8 3.9252e-12 0.000809571 -0.000330218 0.000268092
69 -0.000719 -6.31203e-05 0.000320545 5e-05 11 4.34278e-12 -0.000761394 -6.70507e-05 0.000334361
139 -0.000712717 1.64947e-05 0.000183454 5e-05 15 2.14369e-12 -0.000734408 1.47537e-05 0.000179934
160 -0.000680584 0.000110593 0.000307716 5e-05 11 2.5229e-12 -0.000682766 9.69998e-05 0.000328075
171 -0.000787473 6.83821e-05 0.00026585 5e-05 10 4.16481e-12 -0.000813761 5.35628e-05 0.000275442
217 -0.00060457 8.15248e-05 0.000182702 5e-05 16 2.03955e-12 -0.000598138 8.93826e-05 0.000191558
264 -0.00071221 -9.65451e-05 0.000177656 5e-05 15 2.96238e-12 -0.000746361 -9.89114e-05 0.000176619
310 -0.000605049 -0.000116303 0.000328238 5e-05 9 2.10475e-12 -0.000600618 -0.000115388 0.000343379
373 -0.000641378 -4.68802e-05 0.000249962 5e-05 12 1.52691e-12 -0.000640177 -4.24987e-05 0.000249235
39 -0.000542983 -3.03904e-05 0.000205748 5e-05 17 1.92248e-12 -0.000539981 -4.16332e-05 0.000202955
167 -0.000411377 1.54283e-05 0.000287495 5e-05 14 2.64333e-12 -0.000415193 8.10658e-06 0.000311079
196 -0.000421943 -6.91245e-05 0.000169786 5e-05 18 2.03045e-12 -0.000420501 -7.30147e-05 0.000170864
220 -0.000333953 9.17408e-05 0.000190903 5e-05 19 2.35513e-12 -0.000327352 9.07258e-05 0.00019038
327 -0.000385222 -0.000112353 0.000260666 5e-05 13 1.94138e-12 -0.000388676 -0.000112061 0.000268241
343 -0.000454549 5.26299e-05 0.000194464 5e-05 13 1.87924e-12 -0.000459648 5.59591e-05 0.000185217
368 -0.000293752 2.90708e-05 0.000328058 5e-05 10 2.05038e-12 -0.000295514 2.47068e-05 0.000333264
371 -0.000551728 2.37712e-05 0.000310922 5e-05 12 3.14438e-12 -0.000548249 2.90016e-05 0.000331966
415 -0.000338075 0.000131563 0.000327764 5e-05 11 2.17488e-12 -0.000340794 0.00013194 0.000339382
13 -0.000172573 -4.86195e-05 0.000321282 5e-05 16 2.54314e-12 -0.000165315 -5.60893e-05 0.000334575
66 -9.97877e-05 -0.000128325 0.000254098 5e-05 11 1.90504e-12 -0.000102971 -0.000132902 0.000256521
106 -0.000212302 -3.75054e-05 0.000185311 5e-05 17 1.97442e-12 -0.000219331 -3.86662e-05 0.000186636
158 -5.30833e-05 6.37288e-05 0.000248283 5e-05 14 1.55122e-12 -5.11708e-05 6.83489e-05 0.000245453
298 -9.88518e-06 -1.87925e-05 0.000316224 5e-05 13 2.90635e-12 -3.7421e-06 -2.84478e-05 0.000334798
336 -0.000205256 8.41679e-05 0.000295927 5e-05 12 1.87985e-12 -0.000209864 8.79907e-05 0.000303726
412 -0.000287372 -0.000127994 0.000197635 5e-05 16 1.6838e-12 -0.000288443 -0.000124162 0.000196461
449 -0.000282585 -8.644e-05 0.000324799 5e-05 10 2.08996e-12 -0.000286367 -8.53041e-05 0.000333184
453 -0.000102337 -3.82781e-05 0.000199434 5e-05 13 1.63126e-12 -9.62106e-05 -4.1296e-05 0.000196517
455 -0.000163832 5.81131e-05 0.000197375 5e-05 15 1.57085e-12 -0.000166047 6.50243e-05 0.000199775
491 -0.000106304 7.3083e-05 0.000341311 5e-05 9 1.72717e-12 -0.000105135 6.57299e-05 0.000349512
26 6.40929e-05 0.000112722 0.000167528 5e-05 13 1.58658e-12 6.24888e-05 0.000111834 0.000172551
105 0.000240139 -4.64789e-05 0.000249023 5e-05 14 1.97233e-12 0.000230772 -4.39464e-05 0.000245668
151 1.0941e-05 1.70356e-05 0.000179295 5e-05 13 1.72315e-12 9.35865e-06 1.52194e-05 0.00017524
206 0.000114856 3.3145e-05 0.000289571 5e-05 16 3.08816e-12 0.000118447 3.04405e-05 0.000312356
265 0.00027109 5.91858e-05 0.000330123 5e-05 12 2.5051e-12 0.000264218 5.40165e-05 0.000338072
304 0.0001433 3.39281e-05 0.000174798 5e-05 16 2.27691e-12 0.000155752 3.81165e-05 0.000169583
337 9.82106e-05 -8.08657e-05 0.000219727 5e-05 12 1.8319e-12 0.00010229 -7.9906e-05 0.000222273
387 0.000269917 -8.90195e-05 0.000343754 5e-05 11 2.44488e-12 0.00026401 -8.57594e-05 0.00035394
91 0.000476519 4.94727e-05 0.000232762 5e-05 15 1.80127e-12 0.000468627 5.59179e-05 0.00021845
128 0.000349251 -2.18494e-05 0.000250825 5e-05 13 1.77365e-12 0.000353578 -2.58891e-05 0.000252625
185 0.000359633 9.49328e-05 0.000264583 5e-05 12 1.87594e-12 0.000361033 0.000110142 0.000260021
203 0.000468854 -6.62518e-05 0.000185798 5e-05 16 1.7114e-12 0.00046273 -6.43514e-05 0.000190086
205 0.000554597 0.000126871 0.000278794 5e-05 14 2.02555e-12 0.000562846 0.000137811 0.000290879
249 0.000326772 5.58435e-05 0.000163155 5e-05 19 2.27272e-12 0.000324552 5.81941e-05 0.000160044
338 0.000548948 1.76921e-05 0.000313146 5e-05 12 2.01485e-12 0.000550505 9.00261e-06 0.00033355
407 0.000447726 -7.44178e-05 0.000326397 5e-05 12 2.52214e-12 0.000444952 -7.96436e-05 0.000340579
420 0.000434221 5.61903e-05 0.000331124 5e-05 11 1.90936e-12 0.000426483 5.25034e-05 0.000347746
464 0.00057403 -5.56563e-06 0.000213666 5e-05 15 1.5245e-12 0.000581713 -1.01569e-05 0.000215867
5 0.000775431 -4.99381e-05 0.000217717 5e-05 15 2.74083e-12 0.000788716 -5.89095e-05 0.000222522
21 0.0006808 9.08818e-05 0.000218446 5e-05 16 1.90149e-12 0.000680992 9.4079e-05 0.000216269
242 0.000667887 -6.81646e-05 0.000319191 5e-05 13 2.41207e-12 0.000654619 -7.37901e-05 0.000329141
263 0.000580491 7.87885e-05 0.000149162 5e-05 14 1.63396e-12 0.000576559 8.94735e-05 0.000150969
286 0.000786871 0.000117293 0.000284385 5e-05 11 3.3707e-12 0.000813863 0.000125289 0.00029747
347 0.000745093 6.88058e-06 0.000337934 5e-05 9 2.22244e-12 0.000767523 1.53219e-05 0.000343302
380 0.000598844 -0.000124117 0.000214159 5e-05 13 1.53786e-12 0.00060576 -0.000117502 0.000213199
396 0.00078506 4.90571e-05 0.000160239 5e-05 9 2.10571e-12 0.000803368 4.80118e-05 0.000163236
441 0.000652161 7.07348e-05 0.000320354 5e-05 9 1.86578e-12 0.000647925 7.19756e-05 0.000334695
489 0.000779349 -9.84403e-05 0.000337078 5e-05 8 2.58601e-12 0.000799432 -0.000104528 0.000341065
31 -0.000598712 0.000187354 0.000326774 5e-05 11 2.56401e-12 -0.000580531 0.000181357 0.00033554
109 -0.000746963 0.000293228 0.000198768 5e-05 12 3.0288e-12 -0.000757444 0.000305547 0.00020028
201 -0.000785393 0.000200565 0.000309839 5e-05 9 3.35447e-12 -0.000806811 0.000196981 0.000317888
210 -0.000605911 0.000258311 0.000223803 5e-05 12 2.31798e-12 -0.000605002 0.000278375 0.000225763
229 -0.000738854 0.000142628 0.000145762 5e-05 12 2.80295e-12 -0.000770303 0.000147873 0.000146757
296 -0.000681142 0.00025885 0.000325664 5e-05 10 2.43688e-12 -0.000671202 0.000280718 0.000339122
480 -0.000767676 0.000336132 0.000312666 5e-05 9 3.6123e-12 -0.000779721 0.000345485 0.000319062
483 -0.000686715 0.000186564 0.000234413 5e-05 11 1.49534e-12 -0.000687059 0.000184722 0.000228193
4 -0.00050388 0.000340262 0.000181197 5e-05 10 2.43331e-12 -0.000515068 0.000346031 0.000183246
22 -0.000348461 0.000236444 0.000213288 5e-05 13 1.68537e-12 -0.000350289 0.000228358 0.000210919
58 -0.000441977 0.000144536 0.000270228 5e-05 12 2.23523e-12 -0.00045513 0.000141462 0.000284143
273 -0.000306819 0.000258006 0.000342154 5e-05 10 2.04167e-12 -0.000306082 0.000266466 0.000352671
291 -0.00050687 0.000322203 0.000316284 5e-05 11 3.35251e-12 -0.00052109 0.00033649 0.000326749
340 -0.000361186 0.000335508 0.000261813 5e-05 11 2.26844e-12 -0.000366968 0.000348899 0.000281385
413 -0.000432788 0.000247708 0.000341322 5e-05 9 2.22192e-12 -0.000436357 0.000243932 0.000346195
439 -0.000461418 0.000209734 0.000178282 5e-05 17 1.98227e-12 -0.00046924 0.000212096 0.000181929
440 -0.00037139 0.000327304 0.000147249 5e-05 12 1.90788e-12 -0.000366763 0.000338295 0.000141533
49 -0.000246129 0.000201648 0.000265198 5e-05 12 1.78085e-12 -0.000242755 0.000195471 0.000263972
75 -0.00012789 0.000179713 0.000331604 5e-05 14 2.07239e-12 -0.000138445 0.00018757 0.00033931
110 -4.47579e-05 0.000277696 0.000189306 5e-05 12 1.63194e-12 -4.17449e-05 0.000292472 0.0001925
207 -0.000143473 0.000236652 0.000191825 5e-05 15 1.55778e-12 -0.000145905 0.000232098 0.000193878
303 -0.000122372 0.000334121 0.000255712 5e-05 12 2.41079e-12 -0.000108424 0.000348809 0.000266399
313 -0.00024792 0.000249152 0.000136744 5e-05 12 1.57611e-12 -0.000252214 0.000239292 0.000134238
339 -3.00048e-05 0.000260312 0.000334421 5e-05 11 2.8005e-12 -2.77466e-05 0.000290123 0.000347475
367 -4.71208e-05 0.000182818 0.000245928 5e-05 13 1.3623e-12 -5.24295e-05 0.000178526 0.000243199
400 -0.000208337 0.000311855 0.000313542 5e-05 10 2.68551e-12 -0.000204352 0.000326489 0.000336045
471 -0.000257925 0.000329635 0.000209143 5e-05 12 1.73562e-12 -0.000257062 0.000340342 0.00020838
25 0.000261462 0.000336205 0.000150768 5e-05 10 2.17579e-12 0.000268839 0.000347422 0.000158695
55 0.000142328 0.000172344 0.000330522 5e-05 12 2.86468e-12 0.000141758 0.000178444 0.00033825
84 7.9551e-05 0.000302104 0.000271368 5e-05 11 3.39745e-12 7.72479e-05 0.000327759 0.000298953
142 0.000240476 0.000185424 0.000216779 5e-05 19 2.43087e-12 0.000235022 0.000178186 0.000207095
179 0.000187761 0.00031255 0.000251677 5e-05 11 3.26422e-12 0.000195576 0.0003292 0.000286843
190 0.000148878 0.000314581 0.000147142 5e-05 11 2.03973e-12 0.000146935 0.000323065 0.000145634
238 2.50055e-06 0.000153148 0.000336172 5e-05 12 2.06393e-12 1.29432e-05 0.000142336 0.000343724
383 5.69447e-05 0.000203421 0.000224201 5e-05 15 1.69362e-12 6.66096e-05 0.000203228 0.000225483
430 0.000262064 0.000167637 0.000319328 5e-05 10 2.14264e-12 0.000267397 0.00017413 0.000338161
52 0.000461832 0.000282397 0.000257551 5e-05 9 2.01348e-12 0.000452664 0.000288996 0.000261081
181 0.00034703 0.000261843 0.000183082 5e-05 16 2.21133e-12 0.000353274 0.000262184 0.00018371
279 0.000462758 0.00016097 0.000321506 5e-05 14 2.72346e-12 0.000458271 0.000175459 0.00033634
284 0.000312522 0.000257492 0.000287341 5e-05 10 2.4604e-12 0.000310407 0.000264301 0.000305378
306 0.000546372 0.000325648 0.000326377 5e-05 11 3.47312e-12 0.00055773 0.000328866 0.000337545
395 0.000380837 0.000339274 0.000341874 5e-05 10 3.07089e-12 0.000370741 0.000342531 0.000339417
410 0.000518368 0.000216282 0.000193329 5e-05 13 1.62572e-12 0.00051253 0.000204716 0.000195272
478 0.000506541 0.00032155 0.000169736 5e-05 13 2.15682e-12 0.000506006 0.00034062 0.000175893
36 0.000707493 0.000177203 0.000331976 5e-05 10 2.69281e-12 0.000703899 0.000187468 0.000345247
114 0.00074425 0.000232674 0.000203561 5e-05 12 2.25099e-12 0.000764736 0.000225801 0.000210036
121 0.000614588 0.000261865 0.000250044 5e-05 12 2.03552e-12 0.000616333 0.000261289 0.000263668
256 0.000748152 0.000307981 0.000306635 5e-05 10 5.19814e-12 0.000771028 0.000321567 0.000323129
363 0.000679483 0.000317054 0.000179625 5e-05 11 2.14358e-12 0.000671594 0.000342819 0.000183932
406 0.000617374 0.000236778 0.000147927 5e-05 14 1.55734e-12 0.000621713 0.000222726 0.000145226
433 0.000780641 0.000323192 0.00014004 5e-05 9 3.12756e-12 0.00080621 0.00033204 0.000145685
