91 -0.000598122 -0.000240525 -0.000290862 5e-05 12 3.46029e-12 -0.000597847 -0.000269697 -0.000310428
112 -0.000775176 -0.000220968 -0.000259557 5e-05 12 3.86462e-12 -0.000805181 -0.000228375 -0.000276515
215 -0.000628827 -0.000140571 -0.000212618 5e-05 12 1.90392e-12 -0.000628263 -0.000145548 -0.000211803
259 -0.000724174 -0.000312411 -0.000315141 5e-05 10 5.82525e-12 -0.000737454 -0.000333981 -0.000319313
322 -0.00070575 -0.000140897 -0.000304843 5e-05 11 2.8843e-12 -0.000711663 -0.000146341 -0.000328285
343 -0.000779205 -0.000138731 -0.000179889 5e-05 10 2.42344e-12 -0.000793705 -0.000145485 -0.000174081
47 -0.000413025 -0.000135899 -0.00030853 5e-05 14 3.84264e-12 -0.000403067 -0.000129314 -0.000321604
60 -0.000567238 -0.00025353 -0.0001838 5e-05 15 2.80221e-12 -0.000570993 -0.000274202 -0.000193812
132 -0.000427561 -0.000334633 -0.000323224 5e-05 13 4.96053e-12 -0.000431735 -0.000336403 -0.000326427
366 -0.000409537 -0.000259003 -0.000209278 5e-05 12 2.65738e-12 -0.000413543 -0.000268806 -0.000215461
386 -0.000516152 -0.000173646 -0.000325458 5e-05 12 2.70423e-12 -0.000515042 -0.000179752 -0.000332083
73 -0.000280704 -0.000270338 -0.000251428 5e-05 12 2.82575e-12 -0.000292991 -0.00028482 -0.000269371
80 -0.00014835 -0.000157079 -0.0001998 5e-05 17 2.50278e-12 -0.000149249 -0.000157309 -0.000207095
145 -9.21587e-05 -0.000242805 -0.000288498 5e-05 11 3.76244e-12 -9.20907e-05 -0.000236146 -0.00031219
148 -0.000126538 -0.000320502 -0.000167362 5e-05 14 3.29989e-12 -0.000111936 -0.000336378 -0.000158411
166 -0.000245657 -0.000157506 -0.000312004 5e-05 13 4.43083e-12 -0.000238597 -0.000147025 -0.000338241
198 -0.000190316 -0.00032799 -0.000283787 5e-05 10 4.05163e-12 -0.000189677 -0.000340164 -0.000315638
227 -0.00028565 -0.00016667 -0.000200505 5e-05 16 2.20061e-12 -0.000286223 -0.000162529 -0.00019682
360 -0.000235625 -0.000307207 -0.000146141 5e-05 11 2.51567e-12 -0.000245666 -0.00031775 -0.00014925
388 -5.15975e-05 -0.000142623 -0.000145831 5e-05 15 1.87882e-12 -4.45662e-05 -0.000147067 -0.000147175
11 2.53847e-05 -0.000281026 -0.000302857 5e-05 12 4.76195e-12 1.97895e-05 -0.000303814 -0.000320341
57 0.000151333 -0.00026334 -0.000301545 5e-05 10 3.93476e-12 0.000155594 -0.000275732 -0.000327659
237 0.000163168 -0.000163962 -0.000148639 5e-05 15 2.66428e-12 0.000168894 -0.000172579 -0.000150492
266 8.60437e-05 -0.000287468 -0.000185636 5e-05 12 2.84601e-12 8.36502e-05 -0.000303814 -0.000190588
355 0.000223212 -0.000308169 -0.000226151 5e-05 8 2.72203e-12 0.000223437 -0.000323828 -0.000225908
8 0.000303513 -0.000170657 -0.000274283 5e-05 15 2.83491e-12 0.000298332 -0.000177942 -0.000290925
152 0.000403877 -0.000219782 -0.000248853 5e-05 12 2.49287e-12 0.000408827 -0.00022058 -0.000260376
164 0.000309812 -0.000319164 -0.000309011 5e-05 9 3.70861e-12 0.000302901 -0.000323994 -0.000322085
182 0.000560513 -0.000229272 -0.000275579 5e-05 14 2.87539e-12 0.000554683 -0.000233315 -0.000293634
251 0.000437331 -0.000337647 -0.000330145 5e-05 9 3.06558e-12 0.000446452 -0.00032702 -0.000341993
264 0.000474293 -0.000333984 -0.00021183 5e-05 11 3.17147e-12 0.00047663 -0.000346576 -0.000199936
297 0.000501616 -0.000236417 -0.000153079 5e-05 12 2.11999e-12 0.000503511 -0.000239317 -0.000146487
313 0.000407726 -0.00015458 -0.000141244 5e-05 12 2.03885e-12 0.000409139 -0.000151099 -0.000139025
107 0.00062593 -0.00019103 -0.000170816 5e-05 14 1.98437e-12 0.000632736 -0.000191183 -0.000166861
194 0.000756774 -0.000281368 -0.000318959 5e-05 10 5.09991e-12 0.00078299 -0.000282625 -0.00033246
220 0.000714099 -0.000147987 -0.000244452 5e-05 13 2.43006e-12 0.000708244 -0.000151258 -0.000256717
308 0.00063124 -0.000336312 -0.000315732 5e-05 10 3.34398e-12 0.000622265 -0.000335368 -0.000325027
357 0.000801617 -0.000170292 -0.000171363 5e-05 12 3.0909e-12 0.000814016 -0.000178369 -0.000173866
376 0.000723632 -0.000339864 -0.000228875 5e-05 10 3.36765e-12 0.00075177 -0.00034483 -0.000217164
115 -0.000731437 -3.08233e-05 -0.000339022 5e-05 10 3.00561e-12 -0.000746494 -3.54478e-05 -0.000349857
174 -0.000755962 7.3706e-05 -0.000155084 5e-05 14 3.1059e-12 -0.000770848 9.04424e-05 -0.000158282
183 -0.000683925 -3.15158e-05 -0.000186965 5e-05 13 1.84006e-12 -0.000684729 -3.64165e-05 -0.000187349
277 -0.000643064 5.07396e-05 -0.000249851 5e-05 14 2.08607e-12 -0.0006472 5.53947e-05 -0.000245175
286 -0.00077275 8.59447e-05 -0.000310206 5e-05 11 3.7824e-12 -0.000792309 9.33941e-05 -0.000320099
393 -0.000808643 -3.62644e-05 -0.000230597 5e-05 10 2.59132e-12 -0.000819652 -3.68128e-05 -0.00024414
13 -0.000357784 3.42361e-05 -0.000288293 5e-05 14 3.02783e-12 -0.000355938 1.61868e-05 -0.000308923
27 -0.000555833 -6.69895e-05 -0.000152762 5e-05 20 2.87804e-12 -0.000546002 -6.50126e-05 -0.000144652
114 -0.000567715 -6.20499e-05 -0.000303118 5e-05 15 2.98318e-12 -0.00056151 -6.01551e-05 -0.000317869
188 -0.000378938 -0.00013012 -0.000153867 5e-05 12 2.14643e-12 -0.000383272 -0.00012796 -0.000159108
209 -0.000408159 -9.40198e-06 -0.000198813 5e-05 10 2.00726e-12 -0.000413073 -2.06669e-05 -0.000203747
350 -0.000465485 0.000103958 -0.000327126 5e-05 11 2.32056e-12 -0.000462071 9.708e-05 -0.000335857
367 -0.00051249 4.66601e-05 -0.000227137 5e-05 13 2.0545e-12 -0.000510604 4.30627e-05 -0.000220433
396 -0.000571729 7.09298e-05 -0.000335214 5e-05 10 2.22242e-12 -0.000581557 6.71902e-05 -0.000349944
104 -0.000226138 0.000117206 -0.000172647 5e-05 18 2.25978e-12 -0.00022431 0.000115462 -0.000170216
122 -0.000199607 -1.4142e-05 -0.00024179 5e-05 14 3.24149e-12 -0.000192548 -2.23598e-05 -0.000263295
234 -4.46396e-05 2.36843e-05 -0.000277603 5e-05 15 3.35045e-12 -5.97411e-05 2.2671e-05 -0.000300834
287 -0.000246811 9.13784e-05 -0.000312045 5e-05 11 2.91804e-12 -0.00023458 7.43378e-05 -0.000332863
312 -0.000288414 2.16195e-05 -0.000177899 5e-05 13 2.15187e-12 -0.000293671 1.54649e-05 -0.000173256
372 -9.10786e-05 -3.19769e-05 -0.000156836 5e-05 14 2.01592e-12 -9.50317e-05 -2.79375e-05 -0.000165641
43 0.000219256 -3.06728e-05 -0.000210259 5e-05 15 2.33585e-12 0.00020215 -2.41916e-05 -0.000202269
55 4.64203e-06 6.01877e-05 -0.000162194 5e-05 16 2.30505e-12 9.78784e-06 5.7128e-05 -0.000165174
138 0.000122591 -0.000115973 -0.000287214 5e-05 11 2.57945e-12 0.000121669 -0.000128932 -0.000303072
147 7.15806e-06 -8.20655e-05 -0.000307075 5e-05 12 3.5918e-12 -1.56214e-05 -9.65096e-05 -0.000328096
201 4.91738e-05 -0.00011164 -0.000189261 5e-05 18 2.55808e-12 5.0901e-05 -0.000108112 -0.000185684
238 0.000264454 6.9781e-05 -0.000136362 5e-05 15 2.64729e-12 0.000263214 6.34532e-05 -0.000130265
248 8.51143e-05 0.00012547 -0.000258531 5e-05 15 2.84778e-12 9.23685e-05 0.000129033 -0.000268546
292 0.000205665 4.26455e-05 -0.000335566 5e-05 9 3.17677e-12 0.000211989 6.59779e-05 -0.000345179
314 9.53257e-05 -1.73345e-06 -0.000317015 5e-05 12 2.71837e-12 9.0717e-05 5.46819e-06 -0.000324587
315 0.000232244 -8.66311e-05 -0.000310505 5e-05 11 2.64771e-12 0.000236687 -9.37326e-05 -0.000332971
341 9.98157e-05 0.000114295 -0.000147536 5e-05 13 2.19602e-12 0.000110055 0.000103399 -0.00014652
14 0.000302062 -9.60546e-05 -0.000160613 5e-05 16 2.54774e-12 0.000299811 -9.3264e-05 -0.00014843
29 0.000549745 -0.0001084 -0.000193804 5e-05 16 2.14279e-12 0.000540298 -0.00010745 -0.000193647
36 0.000401332 6.73461e-05 -0.000218237 5e-05 14 2.69003e-12 0.000406641 7.61756e-05 -0.000230494
77 0.000411259 -8.7582e-05 -0.000321669 5e-05 15 3.96066e-12 0.000418138 -8.29881e-05 -0.000343594
274 0.000525634 4.72056e-06 -0.000246416 5e-05 13 2.68406e-12 0.000519975 1.11768e-05 -0.000260519
326 0.000308049 2.13369e-05 -0.000270411 5e-05 13 2.80026e-12 0.000322083 2.97889e-05 -0.000298619
391 0.000417826 -5.0438e-05 -0.00021827 5e-05 11 1.98786e-12 0.000418241 -5.20438e-05 -0.000211427
28 0.000796519 -8.50406e-05 -0.000290725 5e-05 11 4.36111e-12 0.000798404 -8.74606e-05 -0.00031389
82 0.000730765 -6.45922e-05 -0.000133395 5e-05 11 2.41395e-12 0.000745427 -6.35422e-05 -0.000137645
211 0.00064872 9.58022e-06 -0.000204668 5e-05 15 2.55175e-12 0.000653341 1.31562e-05 -0.0002114
296 0.000795194 5.78246e-05 -0.000288936 5e-05 11 4.25564e-12 0.000808956 6.22805e-05 -0.000288862
327 0.000618368 5.21081e-05 -0.000325519 5e-05 10 2.95563e-12 0.000617798 3.42573e-05 -0.000338417
344 0.000592092 -0.000126775 -0.000322149 5e-05 12 3.76041e-12 0.000597919 -0.000121388 -0.000340395
400 0.000715168 0.000119305 -0.000333432 5e-05 9 2.59029e-12 0.000721022 0.000124976 -0.000341253
35 -0.00075981 0.000228793 -0.000220061 5e-05 11 3.18532e-12 -0.000775039 0.000225149 -0.000213753
124 -0.000628015 0.000242914 -0.000143648 5e-05 13 2.30814e-12 -0.000640428 0.000239666 -0.000147554
180 -0.000585341 0.000314275 -0.000232085 5e-05 14 2.48091e-12 -0.000592699 0.00032375 -0.000224377
239 -0.000677621 0.000334357 -0.000313635 5e-05 9 3.41579e-12 -0.000682911 0.000342757 -0.000314768
249 -0.000682901 0.000187426 -0.000301541 5e-05 12 2.62674e-12 -0.000681865 0.000183988 -0.000313394
303 -0.000791911 0.000271096 -0.000331406 5e-05 8 4.05223e-12 -0.0008091 0.000288814 -0.000329779
24 -0.000559606 0.000147728 -0.000245482 5e-05 12 1.86358e-12 -0.00055616 0.000156809 -0.000238757
44 -0.000354803 0.000297859 -0.000221141 5e-05 11 2.5725e-12 -0.000354027 0.000316601 -0.0002391
61 -0.000499908 0.000325558 -0.00030514 5e-05 9 3.39577e-12 -0.000483165 0.000339281 -0.000328306
66 -0.000413188 0.000226405 -0.000281186 5e-05 16 3.0443e-12 -0.000410752 0.000228766 -0.00029157
282 -0.000354348 0.000137167 -0.000334738 5e-05 10 2.25231e-12 -0.000350519 0.000146757 -0.00033912
319 -0.000456039 0.000336565 -0.000171966 5e-05 9 2.26543e-12 -0.000457044 0.000344589 -0.000170961
323 -0.000559872 0.000221245 -0.000328214 5e-05 9 2.36176e-12 -0.000558993 0.000224039 -0.000341666
2 -0.000264177 0.000225801 -0.0002091 5e-05 15 2.00523e-12 -0.000270603 0.000218608 -0.000211101
31 -9.41473e-05 0.000194616 -0.000178727 5e-05 16 2.22981e-12 -8.987e-05 0.000192426 -0.000185041
83 -0.000217279 0.000321192 -0.0003337 5e-05 11 3.34929e-12 -0.000238343 0.000332801 -0.000342062
191 -1.62951e-05 0.000268988 -0.000309804 5e-05 13 3.34163e-12 -1.33149e-05 0.000290278 -0.000324827
204 -0.000223809 0.000212405 -0.000315402 5e-05 13 2.37041e-12 -0.000224721 0.000214196 -0.000332212
207 -0.000247928 0.000337694 -0.000176919 5e-05 11 2.48474e-12 -0.000232744 0.000347924 -0.000177022
260 -2.21098e-05 0.000159333 -0.000332368 5e-05 10 2.87021e-12 -1.98582e-05 0.000149972 -0.000343348
295 -0.000110726 0.000331909 -0.000276615 5e-05 11 3.29676e-12 -0.000103297 0.000339628 -0.000278067
351 -0.000136223 0.000153805 -0.00027779 5e-05 14 2.48026e-12 -0.000132669 0.000145874 -0.000289679
118 0.000275746 0.000146383 -0.000227677 5e-05 15 2.89891e-12 0.000271243 0.0001507 -0.000243339
142 0.000131881 0.000262475 -0.000330227 5e-05 11 3.95689e-12 0.00013651 0.000267055 -0.000343954
206 8.43106e-05 0.00029194 -0.000228922 5e-05 11 3.58337e-12 8.46138e-05 0.000320955 -0.000224726
256 0.000250475 0.000313545 -0.000288276 5e-05 12 4.27004e-12 0.000246517 0.000333089 -0.000290777
271 0.000177112 0.00021498 -0.000152548 5e-05 13 2.37732e-12 0.000175772 0.000219424 -0.000158744
18 0.000297591 0.000255101 -0.000136424 5e-05 13 2.38821e-12 0.000299944 0.000261046 -0.000142843
67 0.00045291 0.000207565 -0.000324042 5e-05 13 3.02836e-12 0.000443934 0.000184056 -0.000334795
90 0.000428664 0.000324478 -0.000218231 5e-05 12 2.72574e-12 0.00042827 0.000337107 -0.000220092
149 0.000416425 0.00018669 -0.000146395 5e-05 15 2.40332e-12 0.000408896 0.000183599 -0.000148653
167 0.000558611 0.000152012 -0.000317381 5e-05 14 3.05025e-12 0.000554605 0.000147586 -0.000323389
222 0.000341645 0.000254516 -0.000307318 5e-05 12 3.01565e-12 0.000330127 0.000236732 -0.00032309
293 0.000431204 0.000316721 -0.000333114 5e-05 8 2.89629e-12 0.000438336 0.000336539 -0.000341077
349 0.00051771 0.000228261 -0.000210008 5e-05 13 2.13222e-12 0.000520264 0.000225425 -0.000218134
5 0.000713586 0.000158595 -0.000184485 5e-05 16 3.1924e-12 0.000737276 0.000153366 -0.000182633
16 0.000747151 0.000289456 -0.000155246 5e-05 11 4.31591e-12 0.000774875 0.000311685 -0.000172053
39 0.000784705 0.000270939 -0.000334541 5e-05 9 5.11307e-12 0.000801723 0.00028819 -0.000323798
103 0.000623342 0.000289478 -0.000177701 5e-05 11 3.06734e-12 0.000621927 0.000320588 -0.000177058
161 0.000679537 0.000235218 -0.000277671 5e-05 10 2.15077e-12 0.000678846 0.000233923 -0.000280305
235 0.000626712 0.000315893 -0.000339264 5e-05 12 3.84279e-12 0.000621082 0.000329924 -0.000333626
290 0.000608177 0.000178864 -0.000133608 5e-05 15 2.04914e-12 0.000607868 0.000170048 -0.00013956
87 -0.000712389 -0.000329238 4.92199e-05 5e-05 11 3.92089e-12 -0.000738982 -0.000345364 4.07342e-05
93 -0.000766012 -0.00026319 0.000131387 5e-05 11 4.25423e-12 -0.000801261 -0.000278427 0.000132625
134 -0.000688254 -0.000174375 -9.61777e-05 5e-05 13 2.11427e-12 -0.000688126 -0.000165558 -9.64829e-05
177 -0.000805648 -0.000175594 -2.19951e-05 5e-05 12 3.40679e-12 -0.000814771 -0.000192368 -1.76556e-05
247 -0.000743066 -0.000289004 -0.00012565 5e-05 13 5.53241e-12 -0.000767815 -0.000319968 -0.000129723
270 -0.000647343 -0.000268291 -3.99364e-05 5e-05 13 2.33199e-12 -0.000645352 -0.000277673 -3.57693e-05
272 -0.000643593 -0.000219762 9.44742e-05 5e-05 13 2.24704e-12 -0.000639992 -0.000213993 9.30137e-05
25 -0.00044957 -0.000248057 2.7506e-05 5e-05 14 2.2458e-12 -0.000458301 -0.000259388 2.61499e-05
62 -0.000392216 -0.000309791 -9.7001e-05 5e-05 14 2.98673e-12 -0.000390206 -0.000327443 -0.000104579
68 -0.000516405 -0.000151048 3.1326e-05 5e-05 17 2.54632e-12 -0.000526735 -0.000136344 2.66016e-05
158 -0.000550225 -0.00033414 -9.53378e-05 5e-05 14 3.54781e-12 -0.000550954 -0.000349491 -9.82957e-05
212 -0.00046206 -0.00022289 -0.000114528 5e-05 13 1.8346e-12 -0.000465294 -0.000216616 -0.000116213
242 -0.000565888 -0.00032901 0.000104275 5e-05 11 3.01362e-12 -0.000557098 -0.000338885 9.11701e-05
254 -0.000386286 -0.00013808 6.72827e-05 5e-05 15 1.91398e-12 -0.000382612 -0.000134347 7.2533e-05
373 -0.000366358 -0.000331105 3.73307e-05 5e-05 11 2.71725e-12 -0.000376041 -0.000344474 4.84622e-05
377 -0.000302305 -0.000227779 9.75491e-06 5e-05 16 2.01577e-12 -0.00030455 -0.000223847 1.01026e-05
384 -0.000564916 -0.000182895 -7.96747e-05 5e-05 14 2.08877e-12 -0.000565432 -0.000174045 -7.389e-05
394 -0.000388183 -0.000145815 -4.26096e-05 5e-05 12 1.78598e-12 -0.000386423 -0.000149911 -4.53824e-05
96 -0.000195609 -0.000236087 -4.69876e-05 5e-05 13 2.05029e-12 -0.000190632 -0.000238324 -5.37846e-05
192 -1.52007e-05 -0.000258906 -0.000131643 5e-05 12 2.33194e-12 -1.352e-05 -0.000260405 -0.000136069
278 -0.000213269 -0.000313482 6.82757e-05 5e-05 14 3.06538e-12 -0.000195796 -0.000336762 7.02669e-05
306 -0.000123311 -0.000234514 7.06763e-05 5e-05 12 2.0672e-12 -0.00011779 -0.00024385 6.93279e-05
311 -7.26831e-05 -0.000227338 -3.01632e-05 5e-05 13 2.26045e-12 -7.33549e-05 -0.000246594 -3.15206e-05
317 -0.000267054 -0.000330809 -3.48274e-05 5e-05 8 2.11689e-12 -0.000258547 -0.000345182 -3.97654e-05
40 0.000124569 -0.000172564 -4.89713e-06 5e-05 16 2.6473e-12 0.000123269 -0.000183419 -5.97613e-06
139 3.78967e-05 -0.00032853 5.94504e-05 5e-05 13 3.21063e-12 2.02551e-05 -0.000335444 6.42561e-05
187 2.72576e-06 -0.000165647 2.49541e-05 5e-05 16 2.51206e-12 9.57788e-06 -0.000164509 2.55843e-05
221 0.000157517 -0.000248375 0.000123959 5e-05 17 2.8566e-12 0.000144045 -0.000244577 0.000126345
240 0.000283657 -0.000179961 -1.27852e-05 5e-05 18 2.79014e-12 0.000282714 -0.000172292 -1.44008e-05
253 0.000269242 -0.000325159 -2.42861e-05 5e-05 11 2.38226e-12 0.000278359 -0.00033583 -1.97854e-05
262 0.000144772 -0.000337719 4.39771e-06 5e-05 9 2.06941e-12 0.000148666 -0.000334552 1.2412e-05
281 5.27396e-05 -0.00033378 -6.50045e-05 5e-05 11 2.65358e-12 3.76224e-05 -0.000339249 -6.93045e-05
371 0.000241737 -0.000329506 0.000121122 5e-05 11 2.70249e-12 0.000247989 -0.000345542 0.000122507
390 0.000192058 -0.000328609 -0.000103744 5e-05 10 2.30266e-12 0.000190256 -0.000330181 -0.000109848
78 0.000316102 -0.000255932 7.05105e-05 5e-05 12 2.25959e-12 0.000326195 -0.000266527 7.31136e-05
92 0.000427477 -0.000153007 -2.99223e-05 5e-05 20 2.8684e-12 0.000424 -0.000143234 -1.91135e-05
105 0.00046121 -0.000277654 6.00157e-05 5e-05 13 2.85087e-12 0.000448527 -0.000296027 6.15549e-05
108 0.000306248 -0.000261757 -0.00012986 5e-05 15 2.64778e-12 0.000308556 -0.000268241 -0.000139262
196 0.000399886 -0.000301123 -6.35509e-05 5e-05 14 3.38421e-12 0.000408808 -0.000322216 -6.31597e-05
299 0.000557612 -0.000174937 -2.57928e-05 5e-05 15 2.03783e-12 0.000552755 -0.000171051 -3.23318e-05
381 0.000554615 -0.000334825 7.41758e-05 5e-05 10 2.60647e-12 0.00055483 -0.000352874 7.14882e-05
395 0.000529814 -0.000173632 9.58145e-05 5e-05 14 1.8222e-12 0.000520991 -0.000170808 9.33476e-05
46 0.000761632 -0.000268444 -8.5152e-05 5e-05 12 3.96872e-12 0.000786266 -0.000288321 -8.72545e-05
48 0.000652668 -0.000133518 0.00012218 5e-05 16 2.11156e-12 0.000653149 -0.000123059 0.000127023
52 0.000639964 -0.000248474 6.84532e-05 5e-05 13 1.99539e-12 0.000646606 -0.000253829 6.82607e-05
106 0.000756628 -0.000331311 3.94523e-05 5e-05 10 3.66112e-12 0.000764696 -0.000343419 2.95133e-05
169 0.000771015 -0.000214118 8.51888e-05 5e-05 10 2.52773e-12 0.000789678 -0.000213361 8.09406e-05
186 0.000679609 -0.000143439 -1.31821e-05 5e-05 17 2.31487e-12 0.000681657 -0.000141004 -1.62505e-05
230 0.000655064 -0.000290448 -0.000130448 5e-05 13 2.77044e-12 0.000649015 -0.00031545 -0.000132574
243 0.000589072 -0.000283891 -4.1144e-05 5e-05 14 2.84726e-12 0.000583863 -0.000309702 -4.58053e-05
6 -0.00069987 5.41395e-05 4.60297e-05 5e-05 11 1.87372e-12 -0.00070943 5.13855e-05 4.31073e-05
42 -0.000798943 -3.05006e-05 -9.25093e-05 5e-05 12 2.58481e-12 -0.000804609 -2.84025e-05 -8.88927e-05
84 -0.000680533 0.000128429 0.000124847 5e-05 14 2.24069e-12 -0.000669866 0.000128947 0.000128357
88 -0.000701675 -0.000119914 3.27073e-05 5e-05 15 2.53041e-12 -0.000694883 -0.000119572 2.82372e-05
130 -0.000590179 3.03655e-05 4.77801e-05 5e-05 15 2.47501e-12 -0.000584264 2.42154e-05 4.7082e-05
176 -0.000763311 0.000132311 -3.03534e-05 5e-05 12 3.10223e-12 -0.000788549 0.000129971 -3.8332e-05
246 -0.000805829 -4.13065e-05 3.52934e-05 5e-05 11 2.79654e-12 -0.000814039 -3.39034e-05 4.18412e-05
279 -0.000661926 1.50347e-05 -8.14529e-05 5e-05 17 2.66287e-12 -0.000652788 1.10416e-05 -7.74932e-05
310 -0.000680331 -4.58809e-05 0.000115334 5e-05 15 2.18637e-12 -0.000673449 -5.2534e-05 0.000120168
37 -0.000373882 -2.70705e-05 0.000109616 5e-05 14 2.283e-12 -0.000376027 -2.02459e-05 0.00010962
79 -0.000290875 -5.33412e-05 7.09243e-06 5e-05 13 1.9805e-12 -0.000296916 -4.60259e-05 6.08327e-06
98 -0.000482279 4.89241e-05 -1.60952e-05 5e-05 17 2.92081e-12 -0.00048307 4.86052e-05 -1.63159e-05
143 -0.000408721 -4.0142e-05 -6.69463e-05 5e-05 16 2.36379e-12 -0.000412252 -3.75322e-05 -6.28608e-05
233 -0.000414911 7.92009e-05 -0.000127771 5e-05 18 2.68138e-12 -0.000412959 9.25637e-05 -0.000132013
252 -0.000393104 0.000106446 0.000107548 5e-05 14 2.48388e-12 -0.00039698 0.00010246 0.000102169
276 -0.000499214 -4.10819e-05 0.00012775 5e-05 16 2.60199e-12 -0.000499064 -4.3255e-05 0.00012644
89 -0.000284667 9.41378e-05 -3.91518e-05 5e-05 17 2.41771e-12 -0.000297124 9.67812e-05 -4.11935e-05
116 -0.000122304 -0.000105455 -6.80056e-05 5e-05 13 1.88314e-12 -0.000120863 -0.000105412 -5.61569e-05
120 -2.84122e-05 -5.07656e-05 6.5636e-05 5e-05 15 2.25712e-12 -2.8664e-05 -5.11534e-05 6.60422e-05
121 -0.000172661 -5.57232e-06 6.58843e-05 5e-05 15 2.18213e-12 -0.000167309 -4.12211e-06 6.58208e-05
123 -0.00020649 5.71056e-06 -6.77894e-05 5e-05 13 1.92146e-12 -0.000202398 5.36451e-06 -7.29608e-05
140 -0.000268067 0.000113485 6.81267e-05 5e-05 15 2.14379e-12 -0.000269533 0.000108579 7.33478e-05
203 -0.000230762 -0.000110861 -8.87074e-05 5e-05 14 2.04039e-12 -0.000239658 -0.000112458 -9.64036e-05
294 -8.2058e-05 8.48556e-05 -8.86109e-05 5e-05 15 2.1261e-12 -7.95483e-05 8.77331e-05 -9.03182e-05
302 -4.77415e-05 7.08249e-05 5.28046e-05 5e-05 14 2.30884e-12 -4.75751e-05 7.22255e-05 5.40535e-05
325 -2.22888e-05 -2.52631e-05 -6.03311e-05 5e-05 14 2.27513e-12 -1.31237e-05 -2.76237e-05 -5.72429e-05
379 -0.00016444 9.74816e-05 -4.35253e-06 5e-05 13 1.83337e-12 -0.000165257 0.000103241 -1.24002e-06
380 -0.000217074 -0.00013206 3.66888e-05 5e-05 16 1.91874e-12 -0.000211449 -0.000132306 3.96099e-05
12 0.000118396 3.16392e-05 -2.99537e-05 5e-05 16 2.52391e-12 0.000118413 3.15513e-05 -3.59732e-05
111 0.000118193 -5.40299e-05 0.000113792 5e-05 18 2.72271e-12 0.00010997 -7.16369e-05 0.000120389
171 0.000206458 -7.96843e-05 2.93756e-05 5e-05 12 2.35592e-12 0.000215996 -8.01099e-05 3.07894e-05
267 6.54607e-05 5.47093e-05 0.000104105 5e-05 12 2.31766e-12 5.95621e-05 5.92921e-05 0.000113933
342 0.000139548 -8.10079e-05 -7.11553e-05 5e-05 17 2.40662e-12 0.00013803 -7.25062e-05 -7.81161e-05
362 0.000172446 4.28641e-05 7.52519e-05 5e-05 13 2.01611e-12 0.000183172 4.63288e-05 7.33816e-05
4 0.000452202 1.43574e-05 0.000113246 5e-05 14 2.25927e-12 0.000444598 1.81521e-05 0.000103422
64 0.000330177 1.18432e-05 -1.46985e-05 5e-05 16 3.05208e-12 0.000323104 3.48238e-06 -9.44047e-06
210 0.000425943 1.56748e-05 -7.27891e-05 5e-05 16 2.43812e-12 0.000424273 8.66539e-06 -7.9995e-05
228 0.000577596 -7.74267e-05 6.08428e-05 5e-05 12 1.84897e-12 0.000577828 -7.33232e-05 6.03583e-05
305 0.00050817 -5.86748e-06 1.11481e-05 5e-05 17 2.35012e-12 0.000506526 -6.64018e-06 6.52419e-06
364 0.000510962 8.24981e-05 -0.000118155 5e-05 16 2.38745e-12 0.000516078 7.88726e-05 -0.000125315
65 0.00058487 0.000118065 -2.53886e-05 5e-05 11 1.84112e-12 0.000586317 0.000111491 -2.65559e-05
95 0.000808918 4.41463e-05 -7.17042e-05 5e-05 11 3.25056e-12 0.000819914 4.76884e-05 -8.85347e-05
133 0.000805394 1.29616e-05 7.21208e-05 5e-05 12 2.85724e-12 0.00080789 3.00552e-06 7.58049e-05
156 0.000609843 -6.6532e-05 -0.000110556 5e-05 16 2.24482e-12 0.00060056 -6.12041e-05 -0.000101333
179 0.000645588 3.09079e-05 3.7445e-05 5e-05 16 2.46099e-12 0.000649759 1.94524e-05 4.44149e-05
226 0.000695941 3.48969e-05 -8.97594e-05 5e-05 14 2.1668e-12 0.000692053 4.08142e-05 -8.83259e-05
273 0.000793634 -0.000128609 -1.55901e-05 5e-05 11 3.04586e-12 0.000806929 -0.000124148 -1.57659e-05
338 0.000750204 0.000111236 1.39753e-05 5e-05 14 2.28199e-12 0.000752747 0.000121176 5.3506e-06
9 -0.000794956 0.000288833 -0.000114892 5e-05 13 4.30184e-12 -0.000801579 0.000307468 -0.00012769
76 -0.00059566 0.000268755 5.59778e-05 5e-05 16 3.42125e-12 -0.000606449 0.000288478 5.97575e-05
131 -0.000712252 0.000244031 -3.01467e-05 5e-05 11 2.12213e-12 -0.000708219 0.00024587 -3.14461e-05
170 -0.000791654 0.000291319 0.000117316 5e-05 10 4.08936e-12 -0.00080011 0.000307071 0.000136656
250 -0.000767058 0.000338609 5.11001e-06 5e-05 9 3.27983e-12 -0.000767801 0.000347362 6.40828e-06
263 -0.000585805 0.000326804 -8.60557e-05 5e-05 12 2.9889e-12 -0.00059862 0.000341295 -8.1049e-05
352 -0.000619591 0.000146063 -2.6734e-05 5e-05 17 2.40773e-12 -0.000616318 0.000147704 -2.41049e-05
375 -0.000770898 0.00018524 7.34598e-05 5e-05 14 2.89754e-12 -0.000792795 0.000179148 7.63123e-05
30 -0.00045209 0.000336397 0.000106654 5e-05 12 3.02225e-12 -0.000443148 0.000343965 0.000103424
51 -0.000467792 0.000241682 -0.000112481 5e-05 16 2.14797e-12 -0.000471957 0.000231036 -0.000118777
97 -0.000364192 0.000213959 -8.25305e-05 5e-05 15 2.38031e-12 -0.000361899 0.00020258 -8.31139e-05
150 -0.000560432 0.000152774 -0.000129285 5e-05 14 2.32048e-12 -0.000558613 0.000141352 -0.000126472
154 -0.000474187 0.00018881 4.80756e-05 5e-05 17 2.55183e-12 -0.000470889 0.000188696 4.03807e-05
257 -0.00032187 0.000318389 -9.1196e-05 5e-05 12 2.52952e-12 -0.00032804 0.000336375 -7.82381e-05
268 -0.000327026 0.000249577 4.64815e-05 5e-05 15 2.85238e-12 -0.000332823 0.000261084 4.88821e-05
345 -0.000471882 0.000311373 -2.53423e-05 5e-05 11 2.66435e-12 -0.000466933 0.000325862 -2.04663e-05
20 -7.20904e-05 0.000293148 -0.000120012 5e-05 12 2.87355e-12 -7.01715e-05 0.000318173 -0.000130835
41 -0.000189435 0.000326234 0.000128173 5e-05 12 2.96142e-12 -0.000190783 0.000341603 0.000121026
50 -0.00011303 0.000196135 -4.86591e-05 5e-05 15 2.17935e-12 -0.000104648 0.000198527 -3.73535e-05
71 -4.48544e-05 0.000280058 0.000104083 5e-05 13 2.84598e-12 -4.48967e-05 0.000305822 0.000109644
178 -0.000108191 0.000173525 0.000125715 5e-05 15 2.20093e-12 -0.00010791 0.000165158 0.000125391
185 -0.000220896 0.000288544 -1.65153e-05 5e-05 15 2.77015e-12 -0.000220092 0.000307246 -1.17188e-05
229 -0.000206358 0.000230199 -0.000109989 5e-05 11 1.88899e-12 -0.000208048 0.000227972 -0.000108754
337 -0.000211363 0.000207524 0.000105835 5e-05 13 1.83258e-12 -0.000209212 0.000206289 9.9027e-05
398 -8.21302e-05 0.000336135 -1.17385e-05 5e-05 12 2.89001e-12 -8.09989e-05 0.00034244 -8.43675e-06
34 0.000271482 0.000262181 5.61921e-05 5e-05 13 2.31301e-12 0.000272477 0.000265467 5.11304e-05
49 8.65936e-05 0.000320357 -6.31838e-05 5e-05 11 2.89587e-12 8.10964e-05 0.000330563 -7.41074e-05
86 0.000240506 0.000144713 9.03666e-05 5e-05 13 2.08508e-12 0.000244903 0.000138963 8.68684e-05
153 1.81046e-05 0.00018292 6.8309e-05 5e-05 16 2.24708e-12 1.46595e-05 0.000183637 6.32433e-05
162 0.000250837 0.00016227 -5.28469e-05 5e-05 15 2.41191e-12 0.000248479 0.000159429 -4.84716e-05
189 3.1178e-05 0.000225205 -0.000126746 5e-05 14 2.32998e-12 2.72724e-05 0.00022032 -0.000124768
199 9.08921e-05 0.000328815 4.70354e-05 5e-05 11 2.47605e-12 8.10821e-05 0.000338829 5.0978e-05
261 0.000102851 0.000160167 -2.10852e-05 5e-05 17 2.38517e-12 0.000100986 0.000160572 -2.36236e-05
288 0.000186306 0.000332982 0.000118884 5e-05 12 2.72633e-12 0.00019465 0.000345291 0.000127289
320 0.000129139 0.000221626 8.04408e-05 5e-05 14 1.78705e-12 0.000135145 0.000219745 7.45786e-05
336 0.000219403 0.000317431 -6.52582e-05 5e-05 14 3.28036e-12 0.000219808 0.000333512 -6.94391e-05
173 0.000542453 0.000305046 5.83556e-05 5e-05 10 3.87581e-12 0.00054488 0.000329066 5.56974e-05
213 0.000501523 0.000300331 -0.000118712 5e-05 12 2.84715e-12 0.000514015 0.00032328 -0.00010681
219 0.00050333 0.000162571 6.73585e-05 5e-05 15 2.39125e-12 0.000498716 0.000163557 7.43889e-05
225 0.000382663 0.000332879 2.79589e-05 5e-05 14 3.14293e-12 0.000387626 0.000333877 3.33389e-05
298 0.000487415 0.000197852 -4.01876e-05 5e-05 15 2.05817e-12 0.000483191 0.000204651 -3.92123e-05
300 0.00037683 0.000139749 -3.76733e-06 5e-05 16 2.4294e-12 0.000377122 0.000140964 -8.80718e-06
382 0.000381806 0.000334032 -9.30493e-05 5e-05 11 2.51149e-12 0.00037611 0.000339314 -9.4437e-05
389 0.000360745 0.000165111 0.000102861 5e-05 16 2.3937e-12 0.000367183 0.00016592 0.000108073
56 0.00062654 0.000246522 0.000118724 5e-05 12 2.50346e-12 0.000629132 0.00025743 0.000121714
125 0.000797315 0.000139172 0.000112056 5e-05 11 2.95057e-12 0.000811568 0.000144426 0.000126153
181 0.000800662 0.000245471 -5.03407e-05 5e-05 9 3.47728e-12 0.000813981 0.000238256 -5.1726e-05
214 0.000757283 0.000259723 0.000109506 5e-05 14 5.26256e-12 0.000780312 0.00029588 0.000122759
218 0.000736261 0.000338935 -3.20033e-05 5e-05 11 3.9705e-12 0.000738706 0.00035278 -2.01164e-05
232 0.00063066 0.000227755 -3.0631e-05 5e-05 15 2.55709e-12 0.000637981 0.000238005 -2.92233e-05
284 0.000642356 0.000136656 8.59114e-05 5e-05 13 2.11815e-12 0.000646486 0.000135585 9.49491e-05
217 -0.000729175 -0.000287354 0.00025511 5e-05 10 5.5278e-12 -0.000769538 -0.000327965 0.000286443
275 -0.000709103 -0.000192153 0.000202788 5e-05 12 1.94736e-12 -0.000704668 -0.000182117 0.00019844
329 -0.000615399 -0.000312799 0.00020943 5e-05 12 2.7693e-12 -0.000618639 -0.000330827 0.000214087
332 -0.000618301 -0.000249846 0.000338205 5e-05 11 3.17294e-12 -0.000621675 -0.000263763 0.000351188
363 -0.000744866 -0.000183849 0.000307449 5e-05 10 4.06123e-12 -0.000782769 -0.00019181 0.00032883
21 -0.000439395 -0.000325825 0.000206225 5e-05 12 3.2304e-12 -0.000432412 -0.000336991 0.000203837
141 -0.000575652 -0.000199352 0.000246077 5e-05 16 2.4917e-12 -0.000567094 -0.000185958 0.000249495
184 -0.000515559 -0.000198517 0.000142824 5e-05 14 2.2078e-12 -0.000517638 -0.000193375 0.0001472
193 -0.000426859 -0.00021875 0.000291246 5e-05 14 3.45898e-12 -0.000431877 -0.000217329 0.000310691
269 -0.000504288 -0.000336506 0.000324193 5e-05 8 3.4135e-12 -0.000499404 -0.000339829 0.000333781
334 -0.000398307 -0.000208078 0.000153557 5e-05 14 2.18076e-12 -0.000391862 -0.000205825 0.000157534
385 -0.000334718 -0.000143407 0.000338444 5e-05 9 2.62045e-12 -0.000341924 -0.000143682 0.000352285
3 -0.000288986 -0.000282637 0.000172205 5e-05 11 2.96531e-12 -0.000293261 -0.000303128 0.000176228
22 -0.000250384 -0.000193741 0.000254921 5e-05 12 2.06987e-12 -0.000250951 -0.000201674 0.00026017
38 -3.89498e-05 -0.000233107 0.000144646 5e-05 15 2.37548e-12 -3.16776e-05 -0.000234857 0.000149577
119 -0.000147048 -0.000308587 0.000223595 5e-05 12 3.37941e-12 -0.000144255 -0.000328008 0.000215078
129 -0.00026677 -0.000320053 0.000332825 5e-05 11 4.08192e-12 -0.000279895 -0.000327185 0.000332491
165 -0.000117199 -0.000149309 0.000263436 5e-05 14 2.61693e-12 -0.000106795 -0.00015364 0.000281451
172 -0.000197703 -0.000187287 0.000140099 5e-05 15 1.94881e-12 -0.000203462 -0.000188627 0.000142125
368 -0.000122139 -0.00027809 0.000329868 5e-05 11 3.44698e-12 -0.000119847 -0.000287412 0.00034177
26 8.77426e-05 -0.000203289 0.000266216 5e-05 12 2.53808e-12 8.56847e-05 -0.000196977 0.000255369
72 0.000249109 -0.00033501 0.00024499 5e-05 12 3.20352e-12 0.000250376 -0.000346646 0.000252945
101 0.000250012 -0.000198651 0.000160926 5e-05 13 2.20355e-12 0.000253302 -0.000193015 0.000158532
157 0.000275038 -0.000230264 0.000297149 5e-05 11 2.94639e-12 0.000279117 -0.000218262 0.000314509
195 0.000159366 -0.000274925 0.000317191 5e-05 12 3.60301e-12 0.00015862 -0.000297775 0.000331572
205 1.77674e-05 -0.000278262 0.000331648 5e-05 10 3.62188e-12 1.53458e-05 -0.000292531 0.000341393
291 2.03351e-05 -0.000318598 0.000205373 5e-05 11 3.49796e-12 2.63874e-05 -0.000336757 0.000207987
85 0.000563016 -0.000269866 0.000167803 5e-05 12 1.70621e-12 0.000560046 -0.000274673 0.000169354
109 0.000432687 -0.0001727 0.000265945 5e-05 11 2.21262e-12 0.000418128 -0.000174149 0.000279838
128 0.000383536 -0.000183593 0.000146953 5e-05 17 2.53407e-12 0.00037883 -0.000181042 0.000143038
135 0.000376032 -0.000289226 0.000323362 5e-05 10 3.70195e-12 0.000376391 -0.000306453 0.000339934
265 0.000444466 -0.000302232 0.000224309 5e-05 14 3.32448e-12 0.000434049 -0.000325404 0.000210362
301 0.000537781 -0.000300593 0.000306931 5e-05 11 3.81997e-12 0.000541384 -0.000321382 0.000329916
321 0.000520873 -0.000139742 0.000329472 5e-05 11 2.53692e-12 0.000528573 -0.000146975 0.000342508
378 0.000529436 -0.00017239 0.000210416 5e-05 15 1.81392e-12 0.000535591 -0.000164501 0.000211227
15 0.000748753 -0.000277687 0.000323127 5e-05 11 6.51675e-12 0.000772541 -0.000282046 0.000335415
202 0.000616182 -0.000227282 0.000279656 5e-05 11 2.48897e-12 0.000625547 -0.000219544 0.000303796
285 0.000645362 -0.000335408 0.000209219 5e-05 11 2.93291e-12 0.000652037 -0.000348296 0.000213198
347 0.00071221 -0.000211051 0.000202495 5e-05 11 2.0798e-12 0.000722455 -0.000214352 0.000206672
358 0.000798604 -0.000310741 0.000164169 5e-05 9 3.66215e-12 0.000809041 -0.000319667 0.000179422
144 -0.000596811 -1.84009e-05 0.000202421 5e-05 15 2.31711e-12 -0.000602125 -2.74879e-05 0.000201081
146 -0.000768898 -2.21026e-05 0.000325064 5e-05 9 3.38647e-12 -0.000788833 -3.30047e-05 0.00033141
155 -0.000784424 -9.02363e-05 0.000190952 5e-05 12 3.21019e-12 -0.000801617 -0.000102185 0.000191139
255 -0.000649424 -9.86585e-05 0.000318643 5e-05 11 2.67614e-12 -0.000646767 -0.000101589 0.00032548
307 -0.000780118 2.55907e-05 0.000177451 5e-05 12 3.04792e-12 -0.00079542 3.4381e-05 0.000175818
348 -0.00065046 4.96211e-05 0.000302769 5e-05 13 2.38706e-12 -0.000648263 5.10415e-05 0.000307906
374 -0.000763073 9.39248e-05 0.000322766 5e-05 8 3.08498e-12 -0.000793102 0.000105037 0.000333104
113 -0.000417854 -7.05989e-05 0.000257544 5e-05 15 3.06204e-12 -0.000432826 -7.08698e-05 0.000270748
163 -0.00029175 9.73775e-06 0.000307155 5e-05 11 2.67044e-12 -0.000300033 8.43403e-06 0.000326723
200 -0.000529733 7.40827e-05 0.000212676 5e-05 14 2.28164e-12 -0.000527607 7.19139e-05 0.000213567
245 -0.000393682 6.2179e-05 0.00026082 5e-05 15 3.32557e-12 -0.000405441 6.56288e-05 0.000288234
304 -0.000311787 -9.65271e-05 0.000236579 5e-05 13 1.79732e-12 -0.000313649 -9.83818e-05 0.00022711
361 -0.000564252 -1.81429e-05 0.000321458 5e-05 13 3.45474e-12 -0.000537734 -1.76907e-05 0.00034014
7 -0.00026077 -4.62419e-05 0.0001451 5e-05 14 1.9439e-12 -0.000264265 -4.33615e-05 0.000144952
32 -1.08248e-05 0.000122633 0.000259138 5e-05 17 3.36359e-12 -3.03082e-06 0.000124967 0.000271567
59 -3.75776e-05 -1.26641e-05 0.000226847 5e-05 13 2.46824e-12 -3.09912e-05 -6.19394e-06 0.000224996
102 -0.000150357 3.6644e-05 0.000207112 5e-05 15 2.1753e-12 -0.000146919 4.4399e-05 0.000199506
126 -0.000132233 0.000129226 0.000328405 5e-05 9 2.44053e-12 -0.000117601 0.000125732 0.000341229
223 -0.000213742 -0.000100087 0.000315975 5e-05 12 2.40056e-12 -0.000206955 -0.000105804 0.000334517
244 -0.000263121 8.79309e-05 0.000213009 5e-05 16 1.99265e-12 -0.00026539 8.4343e-05 0.000205428
324 -5.68314e-05 -0.000118034 0.000159631 5e-05 12 2.03116e-12 -4.52387e-05 -0.000120949 0.00015701
370 -0.000159447 -8.04203e-05 0.000174409 5e-05 13 1.68493e-12 -0.000159348 -7.8419e-05 0.000175086
383 -0.000152126 4.77999e-06 0.000320402 5e-05 13 2.83559e-12 -0.000136785 -5.90842e-07 0.000336687
17 1.79156e-05 -9.64779e-05 0.000286526 5e-05 14 3.34841e-12 1.17942e-05 -9.90762e-05 0.00030744
160 0.000157474 4.09393e-06 0.000227544 5e-05 15 2.34398e-12 0.00015119 6.92363e-06 0.000221342
231 0.000151313 -9.77185e-05 0.000333495 5e-05 11 2.71796e-12 0.000152174 -0.000106282 0.000344945
318 8.27933e-05 3.41945e-05 0.000328161 5e-05 12 3.28576e-12 6.97539e-05 4.2706e-05 0.000338564
333 0.000214017 -0.000119258 0.000230933 5e-05 14 2.23754e-12 0.000210559 -0.000119436 0.000225717
335 0.000259544 0.000117352 0.000228747 5e-05 13 1.94397e-12 0.000261471 0.000109948 0.000225924
354 0.000221796 1.49062e-05 0.000317245 5e-05 11 2.22404e-12 0.000223754 1.94209e-05 0.000331166
1 0.00029496 -2.45203e-05 0.000134971 5e-05 18 2.97102e-12 0.000296041 -2.97044e-05 0.000130978
19 0.000372269 5.10293e-05 0.000198527 5e-05 14 2.16604e-12 0.00037505 5.28775e-05 0.000197312
23 0.000306205 -5.84845e-05 0.000297202 5e-05 14 3.0056e-12 0.000312269 -7.10058e-05 0.000309656
33 0.000538647 -1.59889e-05 0.000183597 5e-05 17 2.42424e-12 0.000553111 -2.06608e-05 0.000186567
63 0.000351159 7.26007e-05 0.000315147 5e-05 11 2.71913e-12 0.000348086 7.9776e-05 0.00033428
110 0.000479167 5.24387e-05 0.000294503 5e-05 13 2.07426e-12 0.000478489 5.20618e-05 0.000299005
151 0.000437464 -8.454e-05 0.000175281 5e-05 15 2.12975e-12 0.000430914 -8.23987e-05 0.000171528
316 0.000542438 0.000109121 0.000181184 5e-05 18 2.38057e-12 0.000537539 0.00011291 0.000179305
346 0.000571154 0.000120794 0.000334858 5e-05 12 2.45329e-12 0.000588228 0.000129759 0.000349004
369 0.00044533 -5.26188e-05 0.000323528 5e-05 10 2.47914e-12 0.000437238 -5.41343e-05 0.000333687
10 0.000730558 4.1981e-05 0.000192248 5e-05 15 2.74702e-12 0.000734248 3.7952e-05 0.000185365
69 0.000705795 -0.00010464 0.000255999 5e-05 14 4.00238e-12 0.000721027 -0.000106368 0.000288032
100 0.000594631 -2.14485e-05 0.000332253 5e-05 11 2.9686e-12 0.000607113 -2.88287e-05 0.00033982
224 0.000645166 6.95884e-05 0.000262615 5e-05 12 2.25667e-12 0.00064923 6.91962e-05 0.000265678
236 0.000782689 3.0152e-05 0.000305634 5e-05 13 4.86882e-12 0.000797323 9.51025e-06 0.00032016
330 0.000766938 -0.000108444 0.000157487 5e-05 13 3.35074e-12 0.000797075 -0.000104929 0.000167159
53 -0.000749136 0.000145156 0.000217647 5e-05 10 2.67196e-12 -0.000777013 0.000152641 0.000215532
58 -0.00065698 0.000220522 0.000229938 5e-05 14 1.9504e-12 -0.000653455 0.000219477 0.000216189
136 -0.000749786 0.000264872 0.000302758 5e-05 10 5.54707e-12 -0.000787587 0.000290133 0.000321633
280 -0.000666966 0.000158533 0.000321922 5e-05 10 2.08555e-12 -0.000658865 0.000155764 0.000336032
331 -0.000683084 0.000330048 0.000235182 5e-05 10 3.59057e-12 -0.000683747 0.000349907 0.000233318
397 -0.000602611 0.000252698 0.000338496 5e-05 10 2.82e-12 -0.000603284 0.000271542 0.000348536
81 -0.000378517 0.000249646 0.00032888 5e-05 10 3.20763e-12 -0.00038219 0.000247224 0.000345105
159 -0.000487713 0.000314267 0.000318314 5e-05 9 3.6229e-12 -0.000488621 0.000333784 0.000323717
168 -0.000517681 0.000180385 0.000262185 5e-05 14 3.01997e-12 -0.000508907 0.000171555 0.000287634
258 -0.000381279 0.00029405 0.000215229 5e-05 12 2.87221e-12 -0.000383832 0.000316903 0.000215575
289 -0.000543515 0.000292056 0.00017573 5e-05 11 2.86599e-12 -0.000547779 0.000310746 0.00017971
309 -0.000534938 0.000165905 0.000140912 5e-05 15 2.18438e-12 -0.000536327 0.000163004 0.000137127
339 -0.000362644 0.000166155 0.000204362 5e-05 16 2.20326e-12 -0.000367181 0.000171194 0.00020443
75 -0.000115892 0.000236528 0.00029855 5e-05 9 3.18055e-12 -0.000102972 0.000250551 0.000328216
94 -0.000281155 0.000267757 0.000173287 5e-05 12 2.04397e-12 -0.000285471 0.000284283 0.00016929
127 -2.59001e-05 0.000224621 0.000198919 5e-05 12 2.05956e-12 -2.47971e-05 0.000227144 0.000203304
241 -0.000276488 0.000270297 0.000289728 5e-05 10 3.28525e-12 -0.000271869 0.000299415 0.000316561
359 -0.000254074 0.000137719 0.000329959 5e-05 11 2.60557e-12 -0.000265352 0.000139843 0.000342525
392 -0.000162726 0.000330455 0.000255988 5e-05 11 3.77885e-12 -0.000153693 0.000348217 0.000277665
399 -0.000191646 0.000182708 0.000231696 5e-05 14 1.80674e-12 -0.000188983 0.000183523 0.00022729
45 4.14264e-05 0.000315114 0.000277846 5e-05 11 4.54201e-12 2.49646e-05 0.000330802 0.000301044
99 0.000126101 0.000233047 0.000278038 5e-05 10 2.25775e-12 0.000106915 0.000221672 0.000298348
175 0.000192324 0.000159796 0.000333936 5e-05 12 2.77514e-12 0.000191663 0.000156053 0.000345172
197 9.67837e-05 0.000273295 0.000177926 5e-05 12 2.1408e-12 9.20906e-05 0.000288179 0.000177198
208 0.000235851 0.000227786 0.000236857 5e-05 14 1.91062e-12 0.000239334 0.00023629 0.000228473
328 0.000162065 0.000152039 0.000174718 5e-05 15 2.08225e-12 0.000148208 0.0001452 0.00018007
356 0.000186221 0.00031671 0.000321878 5e-05 10 3.17132e-12 0.000179934 0.000335063 0.000324258
54 0.000446585 0.000285828 0.000192635 5e-05 14 3.27009e-12 0.000456891 0.000299192 0.000186662
74 0.000468347 0.000166872 0.000329958 5e-05 10 2.66086e-12 0.000458789 0.000178843 0.000338557
117 0.000469586 0.000336229 0.000328271 5e-05 11 3.86828e-12 0.000473152 0.000334566 0.00033157
137 0.000368661 0.000196971 0.000239743 5e-05 14 2.37026e-12 0.000373054 0.00019542 0.000244348
216 0.000567582 0.000214822 0.000253188 5e-05 13 2.52783e-12 0.000568016 0.000221078 0.000258402
283 0.000296589 0.000290213 0.000329744 5e-05 11 3.51423e-12 0.000311531 0.000300242 0.000335075
340 0.000334653 0.000310223 0.000166464 5e-05 11 3.0412e-12 0.000330269 0.000328745 0.000173435
70 0.000717857 0.000190126 0.000253577 5e-05 14 2.82233e-12 0.000719058 0.000192509 0.000245913
190 0.000621867 0.000332566 0.000236719 5e-05 11 3.58319e-12 0.000625264 0.000344941 0.000225053
353 0.000809664 0.000283183 0.000336059 5e-05 9 3.55062e-12 0.000817597 0.000312975 0.000308809
365 0.00079354 0.000173799 0.000331812 5e-05 11 2.95405e-12 0.000796603 0.000161893 0.000331002
387 0.000696493 0.000304212 0.00032921 5e-05 10 3.58666e-12 0.000686265 0.000314393 0.000335535
