77 -0.000647718 -0.000277248 -0.000194114 (-0.424839,0.771342,0.47386) (-1,0,0) (-0.38871,0.205218,0.898215) (-0.0717677,0.980256,-0.184247) (0.497677,0.641577,-0.583692) (1.65362e-15,0,-1) (0.27832,-0.336847,0.899484) (0,-1,0) (0.894325,0.423754,-0.143583) (-0.400033,0.91429,-0.0636172) (0.28518,0.458681,0.841596) (-0.162422,0.740088,0.652601) (0.866988,0.17008,-0.468407) (-0.196129,-0.0332385,0.980015)
13 -0.00039138 -0.000231895 -0.000206942 (0.928212,-0.0761336,0.36418) (0,-1,0) (0.795426,-0.463279,-0.39073) (0.0612861,0.04392,0.997153) (-0.665593,0.610104,0.429835) (-0.999779,0.00884185,-0.0190948) (-0.418463,-0.0375906,-0.907456) (0.668755,0.661639,0.339117) (-0.723913,0.436788,-0.53401) (0.635349,0.616804,-0.464634) (-0.0141562,0.984191,-0.176546) (-0.436285,0.895044,0.0924726) (-0.739929,-0.356409,0.570506)
61 -0.00043777 -0.000236062 -0.000307543 (-0.736887,0.671907,-0.0744166) (-0.293543,0.493965,0.818432) (0.418463,0.0375906,0.907456) (0.793156,0.607374,-0.0447252) (0.158038,0.966601,0.201758) (0.911791,-0.409238,0.0340675) (0,-1,0) (-2.54718e-17,8.06773e-17,-1) (-0.866988,-0.17008,0.468407) (-0.751335,0.0375491,0.658852)
114 -0.000498713 -0.000133509 -0.000137627 (-0.788979,0.393516,-0.471866) (-0.233226,-0.040321,-0.971586) (-0.384176,-0.740131,-0.551919) (0.0110371,0.930302,-0.366628) (0.665593,-0.610104,-0.429835) (-0.709512,-0.490471,0.505995) (-0.724815,0.688864,-0.0104542) (0.488063,0.718689,0.495258) (-0.00215532,-0.363034,0.931773) (0.726205,-0.585614,0.360116) (0.4672,0.714873,-0.52027) (-0.565899,0.451255,0.69002) (0.293543,-0.493965,-0.818432) (0.995799,0.0815454,-0.0416392)
159 -0.000542028 -0.000140998 -0.000318071 (0.63591,0.718623,0.281425) (0.723913,-0.436788,0.53401) (0.736887,-0.671907,0.0744166) (-0.709552,0.522742,0.472521) (-0.0500212,-0.636878,0.76934) (0.233226,0.040321,0.971586) (0.982487,0.186319,-0.00230046) (0,0,-1) (0.23631,0.667863,0.705774) (-0.606989,0.789277,-0.0927735) (-0.497677,-0.641577,0.583692) (-0.25666,0.829474,0.496083) (-0.281329,0.491481,0.824197) (0.147501,0.940696,0.305507)
169 -0.000549058 -0.0002305 -0.000209954 (0.751335,-0.0375491,-0.658852) (0.999779,-0.00884185,0.0190948) (0,-1,0) (0.0500212,0.636878,-0.76934) (0.384176,0.740131,0.551919) (-0.260723,-0.509765,0.819855) (-0.894325,-0.423754,0.143583) (-0.535882,0.835113,-0.124165) (-0.342144,0.15573,0.926653) (-0.250824,0.910533,0.328658) (0.787524,0.0198613,0.615963)
93 -0.000204339 -0.000340833 -0.000298821 (-0.795426,0.463279,0.39073) (0,-1,0) (-0.339636,0.53962,0.770362) (-0.911791,0.409238,-0.0340675) (0.0548473,0.380309,0.923232) (0.365416,0.560583,0.743114) (0.677693,0.72484,0.123848) (0.953999,0.134982,0.267704) (-0.130975,0.988418,-0.07665) (0,7.89566e-17,-1) (0.923587,0.354651,-0.145636)
111 -0.000266455 -0.000242141 -0.000157929 (0.747131,-0.0663206,-0.66136) (0.976944,0.159489,0.141928) (0.339636,-0.53962,-0.770362) (0.790319,0.512792,-0.335321) (0.123,0.697025,-0.706419) (-0.0534028,0.994937,0.0851336) (0.606892,0.00459345,0.794771) (-0.928212,0.0761336,-0.36418) (0,-1,0) (-0.829184,0.111922,0.547656)
113 -0.000124949 -0.00021904 -0.000137371 (0.659302,-0.336576,0.672337) (-0.618548,-0.214086,0.756019) (-0,-1,0) (0.00695308,-0.23672,-0.971553) (-0.365416,-0.560583,-0.743114) (-0.976944,-0.159489,-0.141928) (-0.817646,0.573242,-0.0533755) (0.722485,-0.465173,-0.511497) (0.210475,0.668539,-0.713271) (-0.24782,0.825062,0.507796) (0.227535,0.804637,0.54844) (0.671309,0.366584,0.644174) (0.974857,0.170923,-0.142964)
147 -0.000123898 -0.000254796 -0.00028412 (0.888117,-0.34885,0.299253) (-0.677693,-0.72484,-0.123848) (0.952559,0.0734674,-0.295355) (-0.548026,0.819859,-0.165828) (1.20715e-15,9.31034e-17,-1) (0.619059,0.772249,-0.142819) (0.191761,0.895907,0.400722) (-0.747131,0.0663206,0.66136) (-0.00695308,0.23672,0.971553)
81 0.00011586 -0.000176819 -0.000172686 (-0.706753,-0.40432,0.580539) (0.0501256,0.30021,0.952555) (-0.475867,0.181588,0.860567) (0.0905445,-0.90325,-0.419454) (-0.560942,-0.74506,-0.360873) (-0.317977,-0.33954,-0.885214) (-0.947699,0.195788,-0.25206) (0.405414,0.872546,-0.272585) (-0.449994,0.529695,-0.718977) (-0.341715,0.914843,-0.215158) (0.488173,-0.31352,0.814489) (0.483958,0.0527657,0.873499) (0.779015,0.241899,-0.578464) (0.772947,-0.634168,0.0195967) (-0.974857,-0.170923,0.142964) (0.839673,0.236548,0.48887) (-0.168125,0.766148,0.620283)
107 0.000274888 -0.000307294 -0.000168654 (-0.924212,0.128141,0.359738) (0,-1,-0) (-0.0453517,0.14455,0.988458) (0.620737,0.503436,-0.601031) (0.913425,0.184038,-0.363022) (-0.854661,-0.198857,-0.479594) (0.944638,0.19386,0.264722) (0.421102,0.89544,-0.144428) (-0.0104401,0.894341,0.447265) (0.111302,0.793675,-0.598073) (-0.772947,0.634168,-0.0195967) (0.487436,-0.133798,0.862847)
125 5.58155e-05 -0.000240935 -0.000339843 (0.890788,0.441636,0.107021) (0.492837,-0.641709,0.587641) (0,-0,-1) (-0.952559,-0.0734674,0.295355) (-0.923587,-0.354651,0.145636) (-0.177415,0.976525,0.122157) (0.317977,0.33954,0.885214) (-0.307634,-0.528913,0.790956) (-0.704818,0.496791,0.506389) (0,-1,0)
128 1.58306e-05 -0.000309681 -0.000237038 (-0.888117,0.34885,-0.299253) (0.307634,0.528913,-0.790956) (-0.953999,-0.134982,-0.267704) (-0.260014,0.225665,0.938865) (0.962263,-0.254524,-0.0962671) (0.560942,0.74506,0.360873) (-0.539772,0.841049,0.0358063) (-0.722485,0.465173,0.511497) (0,-1,0) (-0,-0,-1)
181 0.000132266 -0.000340478 -0.000248687 (0.592669,0.775866,-0.216276) (-0.492837,0.641709,-0.587641) (-0.0905445,0.90325,0.419454) (0,0,-1) (-0.617333,0.279088,0.735534) (0.854661,0.198857,0.479594) (0,-1,0) (0.891819,0.438628,-0.110744) (-0.962263,0.254524,0.0962671)
45 0.000528177 -0.000256261 -0.000269319 (0.998326,-0.0124814,-0.0564777) (0,-1,0) (-0,0,-1) (-0.597321,0.745759,-0.295044) (-0.951636,0.296816,-0.0793088) (0.236452,0.895902,-0.376099) (0.604152,0.774414,0.187838) (-0.44807,-0.240262,0.861108) (0.242221,0.0546811,0.968679) (-0.0755652,0.952778,0.294117) (-0.913425,-0.184038,0.363022)
198 0.000390687 -0.000213378 -0.000280777 (0.951636,-0.296816,0.0793088) (0,-1,0) (-0,0,-1) (0.189126,0.895573,-0.402717) (-0.20124,0.750677,0.629274) (0.752003,0.573993,0.324075) (-0.671564,0.706869,-0.222122) (-0.891819,-0.438628,0.110744) (-0.620737,-0.503436,0.601031) (0.678723,-0.119982,0.724527)
6 0.000735521 -0.000258853 -0.000281049 (-1.88384e-16,2.39114e-16,-1) (1,1.30737e-16,1.32047e-16) (0,-1,0) (-0.102762,0.699848,0.706861) (-0.329762,0.903431,0.273988) (-0.633758,0.0511584,0.771838) (-0.10095,0.0773815,0.991878) (-0.776437,0.599558,-0.194102) (-0.998326,0.0124814,0.0564777)
9 -0.000608197 7.28465e-05 -0.000190178 (-0.664819,0.73255,0.146243) (-0.225183,0.915464,-0.333495) (-0.541757,0.00274812,-0.840531) (-0.390561,-0.861824,-0.323607) (-0.914351,-0.382725,-0.132224) (0.316024,0.526821,0.789042) (0.0428547,-0.901949,0.42971) (0.760035,-0.370432,0.533973) (-0.791545,-0.106359,0.601785) (0.828527,0.482115,-0.284795) (0.439221,0.828797,0.346671) (0.784621,-0.61867,0.0402296) (0.25666,-0.829474,-0.496083)
39 -0.000664288 -5.09262e-05 -0.000236653 (0.709552,-0.522742,-0.472521) (0.525986,0.142986,0.838388) (0.788979,-0.393516,0.471866) (0.0717677,-0.980256,0.184247) (0,0,-1) (0.390561,0.861824,0.323607) (0.934573,0.203345,0.291933) (-0.230445,0.665936,0.709524) (-0.871314,0.453679,0.187047) (0.535882,-0.835113,0.124165) (-0.251682,0.734544,-0.630159) (-0.101679,-0.288121,0.95218) (-0.517885,0.0519476,0.853871) (0.253556,-0.643952,0.721828)
102 -0.000771068 4.67248e-06 -0.00021373 (0.400033,-0.91429,0.0636172) (4.35591e-16,0,-1) (0.871314,-0.453679,-0.187047) (0.437052,0.870067,0.227966) (0.914351,0.382725,0.132224) (0.401113,0.429071,-0.809325) (-0.0444169,-0.257059,0.965375) (0.526461,0.427308,0.735015) (-1,0,-0) (0.894043,-0.207415,0.397073) (-0.0542615,0.954148,-0.294377) (0.391734,-0.514444,0.762818)
141 -0.000603106 -3.42942e-05 -0.000139133 (-0.563546,-0.514306,0.646456) (0.189347,-0.295721,0.936321) (-0.71751,0.680212,0.149968) (-0.00104658,-0.914077,0.40554) (0.724815,-0.688864,0.0104542) (-0.887327,-0.0260579,0.460404) (-0.894043,0.207415,-0.397073) (-0.525986,-0.142986,-0.838388) (-0.0428547,0.901949,-0.42971) (0.250992,0.835809,0.488289) (0.90593,0.168686,-0.388376) (0.911674,0.0786146,0.403325) (0.281329,-0.491481,-0.824197) (0.250824,-0.910533,-0.328658)
157 -0.000706869 7.33471e-05 -0.000343266 (0.606989,-0.789277,0.0927735) (0.950134,-0.147121,0.274957) (0.84547,0.256986,0.468122) (-0.480648,0.740939,0.469028) (-1,1.51185e-32,3.90319e-16) (-0.401113,-0.429071,0.809325) (0.216729,0.910532,0.35208) (0.541757,-0.00274812,0.840531) (0,0,-1) (0.0816152,0.466502,0.880747) (0.251682,-0.734544,0.630159) (0,0,0) (0.685567,0.712618,0.148911)
97 -0.000395076 2.50684e-05 -0.000253037 (0.68305,0.634459,-0.361806) (0,0,-1) (-0.414526,0.893997,-0.170109) (-0.63591,-0.718623,-0.281425) (0.777083,-0.538281,-0.326184) (-0.158038,-0.966601,-0.201758) (0.0141562,-0.984191,0.176546) (0.56975,-0.655439,0.495767) (0.944746,0.271365,0.183892) (-0.127187,-0.216969,0.967857) (0.313746,0.338976,0.886938) (-0.950134,0.147121,-0.274957) (-0.67053,0.72374,0.163064) (-0.790537,-0.306712,0.530074) (-0.4672,-0.714873,0.52027)
192 -0.000497302 -1.45934e-05 -0.000184492 (-0.474266,-0.292303,0.83044) (0.519307,-0.0268802,0.854165) (-0.90593,-0.168686,0.388376) (-0.784621,0.61867,-0.0402296) (-0.934573,-0.203345,-0.291933) (-0.23631,-0.667863,-0.705774) (0,0,0) (0.902037,-0.404483,0.150743) (-0.0110371,-0.930302,0.366628) (0.790537,0.306712,-0.530074) (-0.129212,0.754558,0.643387) (-0.00752867,0.961203,-0.275738) (0.436285,-0.895044,-0.0924726)
11 -0.000238448 -8.34268e-05 -0.000318782 (0.998595,0.052969,0.00147239) (-0,0,-1) (0.881502,0.469194,0.0530114) (0.00288713,0.997614,-0.0689834) (-0.0547071,0.846331,0.529841) (-0.777083,0.538281,0.326184) (-0.195609,-0.177596,0.964467) (0.809694,-0.283502,0.513831) (-0.793156,-0.607374,0.0447252) (0.130975,-0.988418,0.07665) (-0.635349,-0.616804,0.464634) (-0.123,-0.697025,0.706419) (-0.982487,-0.186319,0.00230046) (0.548026,-0.819859,0.165828)
15 -0.000248188 6.72598e-05 -0.000224446 (0.268321,-0.367404,0.890516) (-0.125671,-0.913196,0.387661) (0.601072,-0.79894,-0.0202083) (-0.30825,0.209178,0.928023) (0.886235,0.0321765,0.462118) (0.0684152,0.678958,-0.730982) (0.10101,0.993714,0.0482613) (0.739658,0.668555,-0.0770717) (0.0547071,-0.846331,-0.529841) (-0.218355,0.912443,0.346077) (-0.963534,0.267259,-0.0132542) (0.92073,-0.174198,-0.349157) (-0.944746,-0.271365,-0.183892) (0.101629,0.780692,0.616596) (-0.678154,-0.337462,0.652861)
64 -0.000273277 -0.000115049 -0.000147054 (-0.56975,0.655439,-0.495767) (0.125671,0.913196,-0.387661) (0.195609,0.177596,-0.964467) (0.475422,0.514855,0.713371) (0.817646,-0.573242,0.0533755) (0.901388,-0.0905788,-0.423432) (0.473639,-0.719746,0.507575) (-0.995799,-0.0815454,0.0416392) (-0.902037,0.404483,-0.150743) (-0.297614,-0.0370924,0.953965) (-0.0816342,0.447807,0.890396) (-0.747352,0.4893,0.449499) (0.0534028,-0.994937,-0.0851336) (-0.157527,0.87004,0.467135) (-0.668755,-0.661639,-0.339117) (-0.648136,-0.653684,0.390663)
68 -9.7762e-05 -0.000132686 -0.000229503 (-0.191761,-0.895907,-0.400722) (-0.210475,-0.668539,0.713271) (-0.790319,-0.512792,0.335321) (0.124828,0.476769,0.87012) (0.162821,0.882502,0.441225) (-0.337558,0.43886,0.83274) (0.539772,-0.841049,-0.0358063) (0.453054,-0.028594,0.891025) (0.731197,0.678314,0.0723945) (0.746639,0.385532,-0.542121) (0.704818,-0.496791,-0.506389) (-0.901388,0.0905788,0.423432) (0.348195,0.844031,-0.407887) (-0.601072,0.79894,0.0202083) (-0.809694,0.283502,-0.513831) (0.947699,-0.195788,0.25206)
163 -3.21395e-05 2.63843e-05 -0.000306375 (0.954822,0.293184,0.048557) (0.506866,-0.855327,-0.107247) (-0,0,-1) (-0.145739,0.253189,0.956376) (0.480867,0.651804,0.586445) (-0.507319,0.78079,0.364684) (0.555993,0.829742,-0.0489912) (-0.811683,0.571947,-0.118518) (-0.881502,-0.469194,-0.0530114) (-0.92073,0.174198,0.349157) (-0.348195,-0.844031,0.407887) (0.650663,-0.187285,0.735909)
5 2.46639e-05 -6.94704e-05 -0.000318394 (0.983787,-0.17705,0.0285921) (0.832589,0.380247,0.402751) (0.449994,-0.529695,0.718977) (-0.506866,0.855327,0.107247) (-0.746639,-0.385532,0.542121) (0.18649,0.56461,0.804013) (0.734866,0.671381,0.0960216) (0,0,-1) (0.177415,-0.976525,-0.122157) (-0.998595,-0.052969,-0.00147239) (-0.619059,-0.772249,0.142819)
83 4.86443e-05 3.13174e-06 -0.000215008 (-0.650663,0.187285,-0.735909) (0.791057,0.476405,-0.383753) (-0.18649,-0.56461,-0.804013) (0.179812,0.949451,0.257316) (0.992492,0.0587523,-0.107274) (-0.689379,0.451982,0.5661) (0.158115,-0.0371827,0.98672) (0.611703,0.14936,0.77686) (-0.111162,-0.548567,0.828684) (0.341715,-0.914843,0.215158) (-0.731197,-0.678314,-0.0723945)
127 0.000211451 0.00010118 -0.000293988 (-0.0709344,-0.817127,0.572076) (-0.791057,-0.476405,0.383753) (-0.734866,-0.671381,-0.0960216) (-0.954822,-0.293184,-0.048557) (0,0,-1) (0.716966,0.559074,0.416408) (-0.508272,0.849123,-0.1437) (-0.650202,0.406068,0.642142) (0.376421,-0.923905,-0.0686042) (0.373727,0.28396,0.883003) (0.936728,-0.176145,0.302513) (0.214469,0.908618,0.358351) (-0.417377,0.841663,0.342636) (0.925467,-0.376148,-0.0449794)
154 0.000203737 1.23127e-05 -0.000231771 (0.314081,-0.658524,0.683885) (-0.0310785,0.130718,0.990932) (-0.53288,-0.0679819,0.843455) (0.874779,0.456495,-0.1624) (0.771624,-0.616915,0.154959) (0.536888,-0.724281,-0.43263) (-0.832589,-0.380247,-0.402751) (0.0709344,0.817127,-0.572076) (-0.405414,-0.872546,0.272585) (-0.992492,-0.0587523,0.107274) (-0.555504,0.776082,0.298517) (0.40828,0.695564,0.591184) (0.650829,0.14437,0.745372)
1 0.000517122 -0.000116872 -0.00022629 (-0.00179425,0.973791,-0.227436) (-0.544046,0.727075,-0.418779) (-0.497506,0.768986,0.401433) (-0.722286,0.0371732,-0.690595) (0.420627,-0.0787851,-0.903806) (0.965583,0.260058,0.00438506) (0.0755652,-0.952778,-0.294117) (0.286253,-0.645311,0.708261) (-0.984847,0.00329923,0.173396) (-0.752003,-0.573993,-0.324075) (0.819734,0.167253,0.54778) (-0.0158569,0.779464,0.626246) (0.513043,0.762327,0.394518) (0.447438,0.729088,-0.517909) (0.00915625,-0.24076,0.970542) (-0.208726,0.375716,0.902924)
32 0.000364679 -0.000116361 -0.00019945 (0.3503,0.393525,0.849958) (0.984847,-0.00329923,-0.173396) (0.364654,0.882433,0.29722) (-0.610046,-0.107829,0.784995) (-0.203187,0.806693,0.554942) (0.290004,0.755346,-0.587665) (-0.49628,-0.022595,-0.867868) (-0.163883,0.948258,-0.271937) (-0.421102,-0.89544,0.144428) (0.771334,-0.476373,0.422034) (0.0479633,-0.712296,0.700239) (0.543702,-0.225696,0.808362) (0.349906,0.035992,-0.936093) (0.20124,-0.750677,-0.629274) (-0.771624,0.616915,-0.154959)
70 0.000423968 2.71141e-05 -0.000151125 (0.755489,0.299544,0.582674) (-0.853949,0.105781,0.509491) (0.184705,-0.205251,0.961122) (-0.0503941,-0.0598228,-0.996936) (0.497506,-0.768986,-0.401433) (-0.364654,-0.882433,-0.29722) (-0.655057,-0.69228,0.302735) (0.47613,0.548886,-0.68704) (-0.624435,0.346401,-0.700062) (-0.17099,0.967073,-0.188498) (-0.679401,0.693467,0.239829) (0.424056,0.826264,0.370761) (0.645147,0.745735,-0.166326) (0.993081,0.10555,0.0514723)
79 0.000562711 -0.000125411 -0.000324249 (-0.236452,-0.895902,0.376099) (-0.420627,0.0787851,0.903806) (-0.995618,0.0922073,-0.0155589) (0.693103,0.322696,0.644574) (0.296721,0.950858,-0.0884664) (0,-0,-1) (-0.711177,0.696063,0.0986076) (0.776437,-0.599558,0.194102)
85 0.000301259 -0.000119249 -0.000310355 (0.671564,-0.706869,0.222122) (-8.0519e-17,-9.60706e-17,-1) (0.987078,0.0691836,-0.144535) (0.641937,0.765921,0.0358114) (0.143112,0.953628,0.264788) (0.49628,0.022595,0.867868) (-0.890788,-0.441636,-0.107021) (-0.983787,0.17705,-0.0285921) (-0.111302,-0.793675,0.598073) (-0.376421,0.923905,0.0686042) (-0.536888,0.724281,0.43263) (-0.592669,-0.775866,0.216276) (-0.122876,-0.0577135,0.990742) (-0.779015,-0.241899,0.578464)
132 0.000330966 7.87062e-05 -0.000255391 (0.947546,0.281995,-0.150455) (0.738854,-0.526451,-0.420646) (4.70702e-17,1.34378e-16,-1) (-0.936728,0.176145,-0.302513) (-0.874779,-0.456495,0.1624) (-0.143112,-0.953628,-0.264788) (-0.222071,0.471637,0.853372) (0.309564,0.883753,0.350929) (0.624435,-0.346401,0.700062) (-0.0327666,-0.234726,0.971509) (0.163883,-0.948258,0.271937)
155 0.000416243 1.79442e-05 -0.000303941 (-0.925467,0.376148,0.0449794) (0,0,-1) (-0.641937,-0.765921,-0.0358114) (-0.0307071,-0.98455,-0.172391) (0.711177,-0.696063,-0.0986076) (0.544046,-0.727075,0.418779) (0.976524,0.12342,-0.176544) (0.649419,0.750368,0.1233) (-0.738854,0.526451,0.420646) (-0.290004,-0.755346,0.587665) (0.0503941,0.0598228,0.996936)
186 0.000412207 -0.000111472 -0.000326601 (0.0307071,0.98455,0.172391) (0,0,-1) (-0.987078,-0.0691836,0.144535) (-0.349906,-0.035992,0.936093) (0.722286,-0.0371732,0.690595) (0.995618,-0.0922073,0.0155589) (-0.189126,-0.895573,0.402717) (0.597321,-0.745759,0.295044)
29 0.000628665 4.88704e-05 -0.000140515 (-0.513043,-0.762327,-0.394518) (0.256598,-0.798771,-0.544171) (0.515208,-0.812707,0.272156) (-0.0668618,-0.0288505,-0.997345) (0.552448,0.599211,-0.579437) (0.931737,-0.113266,0.345016) (-0.88687,0.10571,0.449764) (-0.993081,-0.10555,-0.0514723) (-0.101592,0.736726,0.668516) (-0.139675,-0.0459353,0.989131) (-0.337185,0.894987,-0.292071) (0.254793,0.892266,0.372749) (-0.555691,0.422199,-0.716209) (-0.57773,0.746255,0.330654)
89 0.000668787 -7.60243e-05 -0.000225601 (-0.604152,-0.774414,-0.187838) (-0.693103,-0.322696,-0.644574) (0.329762,-0.903431,-0.273988) (0.482041,0.547991,0.683624) (-0.256598,0.798771,0.544171) (0.300306,-0.0128138,0.953757) (-0.308194,0.686373,-0.658717) (1,2.01061e-18,-1.49654e-16) (0,0,-1) (-0.965583,-0.260058,-0.00438506) (0.193261,0.981131,-0.00569629) (0.185484,-0.694472,0.695201) (-0.393558,-0.707561,0.586916)
126 0.000615297 4.3102e-05 -0.000339927 (0.308194,-0.686373,0.658717) (-0,0,-1) (1,0,0) (0.543625,0.540029,0.642526) (-0.24957,0.894411,0.371138) (-0.680388,0.626793,0.37974) (-0.296721,-0.950858,0.0884664) (-0.447438,-0.729088,0.517909) (0.0668618,0.0288505,0.997345) (-0.976524,-0.12342,0.176544)
12 -0.000658404 0.000276959 -0.000264534 (-0.114096,-0.288576,0.950635) (-0.811251,-0.583409,-0.0387942) (-0.217888,-0.75466,0.61888) (0,1,-0) (0,0,-1) (0.70163,-0.0348466,0.711689) (0.740857,-0.649853,0.169769) (0.970739,-0.00411005,-0.2401) (0.359851,0.133414,0.923422) (-0.216729,-0.910532,-0.35208) (0.225183,-0.915464,0.333495)
84 -0.000690995 0.00016408 -0.000171964 (0.676566,0.142519,0.722459) (-0.0997774,-0.884157,0.456411) (0.664819,-0.73255,-0.146243) (-0.00441901,0.150748,0.988562) (-1,0,0) (-0.0816152,-0.466502,-0.880747) (-0.437052,-0.870067,-0.227966) (-0.665885,0.179061,-0.724248) (0.951457,-0.135392,-0.276404) (0.217888,0.75466,-0.61888) (0.835078,0.470093,0.285756) (0.520834,0.625072,0.581392)
121 -0.000781518 0.000188422 -0.000270421 (0.480648,-0.740939,-0.469028) (0.811251,0.583409,0.0387942) (0.665885,-0.179061,0.724248) (0,0,-1) (-1,-0,0) (0,1,0) (0.0542615,-0.954148,0.294377) (0.300788,0.0134328,0.953597) (0.368177,-0.599394,0.710755)
106 -0.000304327 0.000301848 -0.00013547 (0.218355,-0.912443,-0.346077) (0.694079,-0.614819,0.374502) (-0.0459573,-0.863248,0.502684) (0.644772,-0.353928,-0.677498) (-0.716082,-0.609136,-0.340852) (-0.77806,-0.0957695,-0.620847) (-0.978019,-0.159378,0.134457) (0,1,-0) (0.172502,0.0459472,0.983937) (0.794455,0.204316,0.571924) (-0.317103,-0.296701,0.900785) (-0.622842,0.126508,0.772051)
118 -0.000498487 0.000136686 -0.000227889 (-0.740857,0.649853,-0.169769) (-0.0828332,0.883284,-0.461462) (-0.84547,-0.256986,-0.468122) (0.963534,-0.267259,0.0132542) (0.669313,-0.0890142,0.737629) (0.67053,-0.72374,-0.163064) (-0.0313206,0.741444,0.670284) (0.716082,0.609136,0.340852) (0.90839,0.415893,0.0431335) (-0.951457,0.135392,0.276404) (-0.828527,-0.482115,0.284795) (-0.147501,-0.940696,-0.305507) (0.00752867,-0.961203,0.275738) (-2.61602e-16,5.63176e-16,-1) (-0.149511,0.258008,0.954504) (0.320768,-0.639785,0.698415) (0.916438,0.121428,-0.381309)
177 -0.000511584 0.000276338 -0.000300848 (0.0388087,-0.0364675,0.998581) (0,1,-0) (-0.970739,0.00411005,0.2401) (0,0,-1) (0.9556,-0.0542742,0.289624) (0.77806,0.0957695,0.620847) (-0.685567,-0.712618,-0.148911) (0.0828332,-0.883284,0.461462) (0.414526,-0.893997,0.170109) (0.926837,-0.355675,-0.120286)
57 -0.00022857 0.000260264 -0.000215072 (-0.10101,-0.993714,-0.0482613) (0.0157189,-0.218803,0.975642) (-0.644772,0.353928,0.677498) (0.990018,0.140088,0.0155058) (0.36037,0.365317,0.858299) (0.750482,-0.640195,-0.164093) (0.957592,-0.0180779,-0.287559) (-5.79823e-16,-4.48918e-15,-1) (3.31797e-16,1,2.05969e-16) (-0.90839,-0.415893,-0.0431335) (-0.0606353,-0.590522,-0.80474) (-0.9556,0.0542742,-0.289624)
75 -0.000128809 0.000175163 -0.000236885 (0.419036,-0.611942,0.670772) (-0.534673,0.316226,0.783662) (-0.739658,-0.668555,0.0770717) (0.908961,0.286649,-0.302691) (-0.737972,-0.0265942,-0.674307) (-0.750482,0.640195,0.164093) (0.507319,-0.78079,-0.364684) (0,0,-1) (0.948466,0.0294926,0.315504) (0.868618,0.485485,0.0990265) (0.410981,0.105341,0.905537) (-0.069977,0.613431,0.786642)
92 -0.000237711 0.000171239 -0.000336392 (0.811683,-0.571947,0.118518) (0.737972,0.0265942,0.674307) (-0.0684152,-0.678958,0.730982) (-0.68305,-0.634459,0.361806) (0,0,-1) (-0.00288713,-0.997614,0.0689834) (0.973485,0.224254,0.0451442) (0.0606353,0.590522,0.80474) (-0.926837,0.355675,0.120286) (-0.916438,-0.121428,0.381309)
31 8.24687e-05 0.000181733 -0.000166604 (0.954725,-0.0894127,0.283736) (0.555504,-0.776082,-0.298517) (0.650202,-0.406068,-0.642142) (0.217414,0.414936,-0.883492) (0.194155,0.928201,-0.317407) (0.754997,0.641239,-0.137088) (-0.480867,-0.651804,-0.586445) (-0.020048,-0.810337,0.585622) (-0.179812,-0.949451,-0.257316) (0.498093,-0.617321,0.608948) (-0.777309,-0.588826,0.221527) (-0.515769,0.106955,0.850025) (-0.948466,-0.0294926,-0.315504) (-0.730403,0.508535,0.455965) (0.119285,-0.159438,0.979975) (0.159108,0.310959,0.937011)
82 0.000120167 0.00025368 -0.000319796 (0.900684,-0.0535179,0.431167) (0.508272,-0.849123,0.1437) (0,0,-1) (-0.908961,-0.286649,0.302691) (-0.217414,-0.414936,0.883492) (-0.0915791,0.440972,0.892837) (0.708399,0.409773,0.57468) (0,1,0) (-0.555993,-0.829742,0.0489912) (-0.957592,0.0180779,0.287559) (-0.973485,-0.224254,-0.0451442)
145 0.000108883 0.000308013 -0.000209787 (-0.868618,-0.485485,-0.0990265) (0.0915791,-0.440972,-0.892837) (-0.194155,-0.928201,0.317407) (-0.803751,0.106684,0.585322) (-0.990018,-0.140088,-0.0155058) (0.417377,-0.841663,-0.342636) (0.97981,0.190995,0.0591044) (-9.82363e-17,1,2.5536e-16) (0.712649,-0.568698,0.410748) (0.0118701,-0.307907,0.951342) (-0.4784,-0.389287,0.78714)
178 0.000267573 0.000338947 -0.000200214 (-0.214469,-0.908618,-0.358351) (-0.708399,-0.409773,-0.57468) (0.761446,-0.646201,0.0512274) (0,1,-0) (0,0,-1) (0.277266,-0.22673,0.933658) (0.853398,0.0257947,0.52062) (0.980449,-0.153184,-0.123508) (0.119037,-0.873007,0.472957) (-0.754997,-0.641239,0.137088) (-0.564403,-0.363065,0.741372) (-0.97981,-0.190995,-0.0591044)
8 0.000386709 0.000237842 -0.000192199 (-0.761446,0.646201,-0.0512274) (0.385848,0.665345,0.639091) (0.910107,0.332593,-0.247156) (1.92772e-15,2.82218e-15,-1) (-0.900684,0.0535179,-0.431167) (-0.249278,0.220541,0.942986) (-0.63401,-0.505079,0.585599) (0.204307,0.0290861,0.978475) (0.17099,-0.967073,0.188498) (0.710302,-0.218581,0.669099) (0.978194,-0.207151,0.0149651) (0.682387,-0.545449,-0.486655) (-0.309564,-0.883753,-0.350929) (-0.716966,-0.559074,-0.416408)
24 0.00051666 0.00013397 -0.000284876 (0.680388,-0.626793,-0.37974) (0.957979,0.0205884,0.286097) (0.555691,-0.422199,0.716209) (0.164314,0.942799,0.290054) (1.65045e-16,4.91182e-17,-1) (-0.682387,0.545449,0.486655) (0.434471,0.504461,0.74616) (-0.47613,-0.548886,0.68704) (0.00179425,-0.973791,0.227436) (-0.947546,-0.281995,0.150455) (-0.0148323,-0.331953,0.943179) (-0.649419,-0.750368,-0.1233)
99 0.000572276 0.000198545 -0.00018936 (-0.461073,0.0050238,0.887348) (-0.978194,0.207151,-0.0149651) (-0.645147,-0.745735,0.166326) (0.889925,-0.387541,-0.24051) (-0.434471,-0.504461,-0.74616) (-0.247697,0.876294,-0.413226) (0.615194,0.316889,0.721885) (0.00511771,0.803877,0.594773) (0.337185,-0.894987,0.292071) (0.157671,0.10349,0.982054) (-0.321553,-0.743358,0.586535)
130 0.000544834 0.000295628 -0.000235141 (0.24957,-0.894411,-0.371138) (6.55098e-17,-1.02352e-17,-1) (0.725286,-0.687494,0.0362183) (-0.170707,-0.505745,0.845625) (0.247697,-0.876294,0.413226) (0.174522,0.292601,0.940174) (0,1,0) (-0.164314,-0.942799,-0.290054) (-0.910107,-0.332593,0.247156) (-0.980449,0.153184,0.123508) (-0.53206,0.269497,0.802672) (0.611443,-0.158382,0.775276)
104 0.000710973 0.000138146 -0.000226845 (-0.543625,-0.540029,-0.642526) (-0,-1.66367e-16,-1) (1,0,0) (-0.725286,0.687494,-0.0362183) (-0.957979,-0.0205884,-0.286097) (0,1,0) (-0.889925,0.387541,0.24051) (-0.552448,-0.599211,0.579437) (-0.193261,-0.981131,0.00569629) (0.294381,-0.58528,0.755505) (-0.105697,0.565699,0.81781)
36 -0.000617678 -0.000141336 6.8626e-05 (0.562142,0.582783,0.586823) (0.832048,-0.546504,0.0950205) (0.266554,0.559263,-0.784967) (-0.491582,0.238974,-0.8374) (0.0975851,-0.437691,-0.893814) (-0.914116,0.405382,0.00761032) (0.0794355,0.34913,0.933701) (0.139115,-0.804765,0.577061) (0.433314,-0.889455,-0.145291) (-0.513095,-0.804955,0.29796) (-0.89603,-0.345739,0.278559) (-0.410339,0.910904,0.0433124)
50 -0.000601548 -0.000333128 -4.48972e-05 (0.650419,0.0916881,0.754022) (-0.533524,0.219643,0.816768) (0,-1,0) (0.739929,0.356409,-0.570506) (0.888436,0.435382,-0.145342) (-0.27832,0.336847,-0.899484) (-1,0,0) (-0.657571,0.460852,0.596001) (-0.0136461,0.989909,-0.141048) (0.0127481,0.398053,0.917274) (0.260723,0.509765,-0.819855)
53 -0.000603303 -0.00020581 -6.30383e-05 (-0.636535,0.759009,0.13685) (-0.468664,-0.35712,0.807972) (-0.0975851,0.437691,0.893814) (-0.28518,-0.458681,-0.841596) (-0.701575,0.00150858,0.712594) (0.14739,0.970606,0.190262) (0.581003,-0.0744085,0.810493) (0.709512,0.490471,-0.505995) (0.0136461,-0.989909,0.141048) (0.992546,-0.0926967,-0.0791166) (0.430573,-0.680623,0.592756) (0.0206099,-0.206417,0.978247) (0.342144,-0.15573,-0.926653) (0.00104658,0.914077,-0.40554) (-0.253556,0.643952,-0.721828)
103 -0.000711165 -0.000288001 0.000122915 (0.928995,0.314091,0.195744) (0.468664,0.35712,-0.807972) (0.513095,0.804955,-0.29796) (0.533524,-0.219643,-0.816768) (0.918443,-0.296646,0.261654) (0.401902,-0.136078,0.905515) (-1.50581e-15,-1,2.21434e-15) (-0.443937,0.330645,0.832823) (-1,0,0) (0.196129,0.0332385,-0.980015) (-0.660089,0.7508,-0.0241399) (0.106987,0.724518,-0.680901) (0.894522,-0.171724,-0.412725)
185 -0.000783766 -0.000205422 0.00012026 (0.38871,-0.205218,-0.898215) (0.701575,-0.00150858,-0.712594) (0.657571,-0.460852,-0.596001) (0.458694,0.447565,-0.767649) (0.0214623,0.702029,-0.711825) (0.0356036,-0.23941,0.970266) (0.660089,-0.7508,0.0241399) (0.962921,-0.232384,0.137046) (0.657521,0.506876,0.557444) (0.89603,0.345739,-0.278559) (-1,7.38398e-17,-2.50134e-16) (0.00275494,0.93928,-0.343139) (0.0560721,0.63104,0.773721)
73 -0.000499222 -0.00021914 8.21538e-05 (-0.395767,0.725875,-0.562561) (-0.284057,0.890964,0.354252) (0.364433,0.926721,-0.0915246) (0.849342,-0.137538,0.509609) (-0.257744,-0.892058,-0.371216) (0.578847,-0.0359896,-0.814641) (-0.581003,0.0744085,-0.810493) (-0.81274,-0.25198,0.525318) (-0.832048,0.546504,-0.0950205) (0.0739164,-0.0395288,0.996481) (0.32974,-0.445613,0.832286) (-0.304838,-0.773626,0.555497) (0.834478,0.53471,0.133163) (0.305453,0.77978,-0.546482) (0.00215532,0.363034,-0.931773)
136 -0.00052921 -0.000322931 3.89626e-05 (0.419242,0.204653,0.884507) (0.257744,0.892058,0.371216) (-0.135295,-0.13538,0.981513) (-0.430573,0.680623,-0.592756) (0.687778,0.456335,-0.564553) (-0.894522,0.171724,0.412725) (-0.650419,-0.0916881,-0.754022) (0,-1,0) (-0.472473,0.494274,0.7297) (0.792303,0.24021,0.560852) (-0.433314,0.889455,0.145291)
150 -0.000383612 -0.000226328 -8.055e-05 (-0.992546,0.0926967,0.0791166) (-0.726205,0.585614,-0.360116) (-0.787524,-0.0198613,-0.615963) (-0.888436,-0.435382,0.145342) (-0.0612861,-0.04392,-0.997153) (2.29319e-15,-1,-2.07042e-15) (0.829184,-0.111922,-0.547656) (0.648136,0.653684,-0.390663) (-0.174551,0.979107,0.104313) (0.146968,0.473299,0.868556) (0.990166,-0.0779239,0.116185) (0.294039,-0.0861546,0.951902) (-0.687778,-0.456335,0.564553) (-0.578847,0.0359896,0.814641)
51 -9.5949e-05 -0.000259955 4.72462e-05 (-0.621177,0.633058,0.461926) (0.296517,-0.395911,0.869098) (0,0,0) (0.669152,0.693997,-0.265714) (0.530377,-0.0370403,-0.846952) (-0.661408,0.129312,-0.738795) (-2.3146e-17,-1,-4.46859e-16) (0.359746,0.601093,0.713632) (0.644313,0.723341,0.248271) (0.907764,-0.014434,0.419234) (-0.115784,0.885708,0.449572) (0.12418,0.982961,-0.135525) (-0.337235,0.911887,-0.233955) (-0.785582,0.0308642,0.617987)
144 -0.000190023 -0.000241563 -5.78345e-05 (-0.231495,0.522865,0.820379) (-0.628028,0.452132,0.63337) (-0.373368,-0.0372952,0.926934) (0.872383,0.422237,0.246302) (0.618548,0.214086,-0.756019) (0.0225189,0.981242,0.191461) (0.987129,-0.145053,0.0673471) (-0.990166,0.0779239,-0.116185) (0,-1,0) (0.661408,-0.129312,0.738795) (-0.473639,0.719746,-0.507575) (-0.606892,-0.00459345,-0.794771) (-0.0548473,-0.380309,-0.923232)
168 -3.66962e-05 -0.000264093 -4.73738e-05 (0.38935,0.857271,0.336886) (-0.987129,0.145053,-0.0673471) (-0.530377,0.0370403,0.846952) (0.640888,0.00216641,0.767631) (0,-1,0) (0.92687,-0.023774,0.374628) (0.260014,-0.225665,-0.938865) (-0.659302,0.336576,-0.672337) (0.706753,0.40432,-0.580539) (0.617333,-0.279088,-0.735534) (-0.0254834,-0.256839,0.966118) (0.924212,-0.128141,-0.359738) (0.696668,0.642255,0.319628)
156 1.96208e-05 -0.000140094 1.35465e-06 (-0.453054,0.028594,-0.891025) (0.475867,-0.181588,-0.860567) (-0.671309,-0.366584,-0.644174) (-0.509571,0.858164,0.0623852) (0.383018,0.896424,-0.222983) (-0.302926,0.818973,-0.487358) (0.491117,-0.553941,0.672275) (0.347452,0.464475,0.81458) (-0.669152,-0.693997,0.265714) (-0.38935,-0.857271,-0.336886) (-0.872383,-0.422237,-0.246302) (0.944639,0.233137,0.230876) (0.111162,0.548567,-0.828684) (-0.859276,0.507168,-0.0665183)
196 0.000263752 -0.000271799 7.4063e-05 (-0.153246,-0.230413,0.96095) (0.801793,-0.444846,-0.399049) (0.997449,-0.0588859,0.0403566) (0.0453517,-0.14455,-0.988458) (-0.488173,0.31352,-0.814489) (0.0435687,0.666724,-0.744031) (-0,-1,0) (-0.92687,0.023774,-0.374628) (-0.64029,0.736762,-0.217281) (-0.179041,0.973425,-0.142784) (-0.422038,0.658781,0.622809) (-0.866647,0.0531904,0.496079) (0.131456,0.777679,0.614764) (0.89053,0.191972,0.412436)
199 0.000243718 -0.000162878 5.80863e-05 (0.606298,-0.773212,-0.185863) (0.200116,0.208051,-0.957428) (0.993105,-0.0639806,-0.098228) (-0.397658,0.0602337,0.915554) (-0.641551,-0.563195,0.520791) (0.179041,-0.973425,0.142784) (-0.896738,0.375544,-0.234154) (0.886454,-0.453511,0.0923391) (0.289763,0.352499,0.889821) (-0.398604,0.853234,0.336313) (-0.207236,0.903005,-0.376344) (-0.483958,-0.0527657,-0.873499) (0.41686,0.887329,0.197166) (0.811181,0.573541,-0.114177) (0.308546,0.76314,-0.567817)
43 0.000519547 -0.000180648 3.0804e-05 (0.754051,0.409761,-0.513325) (-0.0226532,0.906829,-0.420889) (-0.339394,0.940504,-0.0162564) (0.967017,0.248617,-0.0553883) (0.318885,0.913396,0.253023) (0.870768,-0.274327,-0.408053) (0.9233,-0.355601,0.14514) (0.518988,-0.740507,0.426967) (-0.993105,0.0639806,0.098228) (-0.308783,-0.850493,0.425811) (-0.76432,0.257582,0.591156) (0.487182,0.456721,0.744352) (0.0479062,-0.202511,0.978107) (0.381684,-0.454204,-0.804995) (-0.543702,0.225696,-0.808362) (-0.668089,-0.740935,-0.0683579) (-0.00915625,0.24076,-0.970542) (-0.374728,0.605014,0.702522) (-0.896443,0.174624,-0.407304)
78 0.000574331 -0.000245842 -8.47391e-05 (0.983833,0.0301145,0.17654) (0.191049,-0.334444,0.922847) (-0,-1,0) (-0.944638,-0.19386,-0.264722) (-0.242221,-0.0546811,-0.968679) (-0.82093,-0.379827,0.426386) (0.633758,-0.0511584,-0.771838) (-0.473711,-0.198744,0.857962) (-0.381684,0.454204,0.804995) (-0.771334,0.476373,-0.422034) (-0.286253,0.645311,-0.708261) (0.62381,0.779113,-0.0620047) (0.393558,0.707561,-0.586916) (-0.678723,0.119982,-0.724527)
112 0.000379468 -0.000336001 1.64714e-05 (-0.487436,0.133798,-0.862847) (0.44807,0.240262,-0.861108) (0,-1,0) (-0.801793,0.444846,0.399049) (-0.481266,0.0401984,0.875653) (0.773115,0.38787,0.501847) (-0.0479633,0.712296,-0.700239) (-0.427167,0.814944,-0.391656) (0.82093,0.379827,-0.426386) (-0.606298,0.773212,0.185863) (0.668089,0.740935,0.0683579)
176 0.00048178 -0.000284671 8.28844e-05 (-0.654614,0.623566,0.427371) (0.325747,0.495389,0.805282) (0.308783,0.850493,-0.425811) (0.956029,-0.225813,0.187132) (-0.773115,-0.38787,-0.501847) (0.473711,0.198744,-0.857962) (9.03661e-17,-1,1.86478e-16) (0.43267,-0.124963,0.89285) (-0.997449,0.0588859,-0.0403566) (-0.768316,-0.118095,0.629082) (-0.886454,0.453511,-0.0923391)
35 0.000752214 -0.000270258 6.73785e-05 (-0.287876,0.210456,-0.934257) (1,-3.02357e-16,-4.85123e-16) (0,-1,0) (-0.224047,0.182978,0.957247) (-0.912603,-0.302901,0.274603) (-0.9233,0.355601,-0.14514) (0.00844525,0.948547,-0.316524) (0.131681,0.52433,0.841272) (-0.848109,0.209034,0.486843)
91 0.000614407 -0.000315997 0.000108845 (0.45908,0.418894,0.783437) (2.60534e-17,-1,-5.60671e-16) (0.912603,0.302901,-0.274603) (-0.518988,0.740507,-0.426967) (0.471584,0.355836,-0.806839) (-0.956029,0.225813,-0.187132) (-0.191049,0.334444,-0.922847) (-0.0620867,-0.0137923,0.997975) (-0.544448,0.634392,0.548747) (0.541824,0.761332,-0.35609)
134 0.000713009 -0.000241597 -5.98547e-05 (0.10095,-0.0773815,-0.991878) (1,-0,0) (0,-1,0) (0.271591,0.811384,0.517585) (0.287876,-0.210456,0.934257) (-0.0242513,0.973517,-0.227326) (-0.870768,0.274327,0.408053) (-0.471584,-0.355836,0.806839) (-0.185484,0.694472,-0.695201) (-0.983833,-0.0301145,-0.17654)
10 -0.000702724 6.0145e-05 -0.000118312 (0.687663,0.557356,0.465267) (0.016023,-0.100107,0.994848) (0.622518,-0.656402,0.426155) (0.0581648,0.706012,0.705807) (0.0975558,-0.914002,0.393807) (-0.528907,-0.693405,0.489333) (-0.368177,0.599394,-0.710755) (-1,-0,0) (0.0997774,0.884157,-0.456411) (-0.526461,-0.427308,-0.735015) (0.791545,0.106359,-0.601785) (0.230445,-0.665936,-0.709524) (0.71751,-0.680212,-0.149968)
26 -0.000778692 -3.94506e-05 -4.80275e-05 (0.0444169,0.257059,-0.965375) (0.517885,-0.0519476,-0.853871) (0.80469,-0.593312,0.0213019) (0.887327,0.0260579,-0.460404) (0.469931,0.474663,0.744218) (-0.0384431,-0.233829,0.971517) (-0.00569888,0.79762,0.603134) (0.528907,0.693405,-0.489333) (0.34032,0.908437,0.242743) (0.424839,-0.771342,-0.47386) (-1,0,0) (-0.0214623,-0.702029,0.711825)
38 -0.000699574 4.04645e-05 7.72704e-05 (0.0767554,-0.769849,-0.633594) (-0.016023,0.100107,-0.994848) (0.601305,-0.550218,-0.57939) (-0.412722,0.854578,0.31521) (0.0470101,0.922014,-0.384292) (-0.469931,-0.474663,-0.744218) (0.410339,-0.910904,-0.0433124) (-0.610974,-0.789876,-0.052975) (-0.258643,-0.296958,0.919195) (0.405427,-0.424597,0.809534) (-0.254948,0.59974,0.758495) (0.685043,0.646988,-0.334847) (0.76878,-0.549412,0.327297) (0.614459,0.759905,0.212094)
139 -0.000783363 -6.78593e-05 7.00054e-05 (-0.00275494,-0.93928,0.343139) (0.0384431,0.233829,-0.971517) (0.627063,-0.259911,-0.734329) (0.0102098,0.970018,0.242818) (-1,-0,0) (0.21989,0.843996,0.489202) (0.610974,0.789876,0.052975) (0.95639,-0.00204837,0.292085) (0.664693,0.0147775,0.746971) (0.914116,-0.405382,-0.00761032) (0.0560999,0.11176,0.99215)
143 -0.000582213 -6.69259e-05 -3.58137e-05 (0.192598,-0.00793653,0.981246) (-0.266554,-0.559263,0.784967) (0.395767,-0.725875,0.562561) (-0.0169801,0.851174,0.524609) (0.827896,0.258313,0.497857) (-0.601305,0.550218,0.57939) (0.1798,0.976588,0.118098) (-0.189347,0.295721,-0.936321) (-0.622518,0.656402,-0.426155) (-0.922296,-0.376443,-0.0875246) (0.949506,0.284244,-0.132829) (0.565899,-0.451255,-0.69002) (-0.14739,-0.970606,-0.190262) (0.474266,0.292303,-0.83044)
167 -0.000684696 -0.000108756 -4.55392e-05 (0.491582,-0.238974,0.8374) (0.922296,0.376443,0.0875246) (-0.0767554,0.769849,0.633594) (-0.0975558,0.914002,-0.393807) (0.563546,0.514306,-0.646456) (-0.627063,0.259911,0.734329) (-0.80469,0.593312,-0.0213019) (0.636535,-0.759009,-0.13685) (0.101679,0.288121,-0.95218) (0.162422,-0.740088,-0.652601) (-0.458694,-0.447565,0.767649) (-0.391734,0.514444,-0.762818) (-0.106987,-0.724518,0.680901)
18 -0.000294105 -7.94074e-07 8.01238e-05 (-0.411793,0.896077,0.165745) (-0.130498,0.725783,-0.675433) (-0.982633,-0.120222,-0.141344) (0.188924,0.724698,0.662662) (0.814133,0.130931,0.565724) (0.304607,-0.729635,0.612247) (0.749592,-0.127511,-0.649502) (-0.694937,-0.0518913,0.717195) (-0.416322,-0.890596,0.183071) (-0.671424,-0.0942669,-0.735054) (0.0816342,-0.447807,-0.890396)
63 -0.000314423 0.000112207 -2.50379e-05 (0.0459573,0.863248,-0.502684) (-0.522827,0.800311,0.29352) (-0.406847,0.535551,0.740041) (-0.928525,0.360274,0.0896924) (-0.560413,-0.685175,0.465267) (-0.729841,0.604483,-0.319267) (0.235555,0.141562,0.961496) (0.612603,-0.294533,0.733463) (0.951736,0.293689,0.0891393) (-0.618498,-0.761377,-0.194333) (0.130498,-0.725783,0.675433) (0.30825,-0.209178,-0.928023) (0.920693,-0.137663,-0.365203) (0.700324,-0.711538,0.0570988) (-0.669313,0.0890142,-0.737629) (0.534446,0.735227,-0.416904) (0.219782,0.715226,0.663437) (0.157527,-0.87004,-0.467135) (-0.313746,-0.338976,-0.886938)
109 -0.000352108 -0.000124874 0.00010563 (-0.498035,0.80507,-0.322217) (0.416322,0.890596,-0.183071) (-0.330887,0.513215,-0.791911) (-0.464899,-0.752897,0.465849) (-0.945444,0.273721,0.176671) (-0.834478,-0.53471,-0.133163) (0.331044,-0.745623,0.578322) (0.845022,0.207875,0.492672) (-0.388855,0.692035,0.608178) (0.297614,0.0370924,-0.953965) (0.722744,0.456109,-0.519235) (0.628028,-0.452132,-0.63337) (-0.146968,-0.473299,-0.868556) (-0.49645,-0.393386,0.773812)
117 -0.000420651 -1.85609e-05 -5.84149e-05 (0.010508,0.0202352,0.99974) (0.330887,-0.513215,0.791911) (0.671424,0.0942669,0.735054) (-0.452436,0.864605,0.21854) (0.618498,0.761377,0.194333) (-0.305453,-0.77978,0.546482) (0.747352,-0.4893,-0.449499) (-0.488063,-0.718689,-0.495258) (-0.519307,0.0268802,-0.854165) (0.983065,-0.00336059,0.183225) (-0.760035,0.370432,-0.533973) (0.127187,0.216969,-0.967857) (0.678154,0.337462,-0.652861) (0.174551,-0.979107,-0.104313) (-0.949506,-0.284244,0.132829) (-0.320768,0.639785,-0.698415) (-0.911674,-0.0786146,-0.403325)
152 -0.000419385 -1.61216e-05 6.21033e-05 (-0.637071,0.743042,0.205008) (-0.80115,-0.327228,0.501079) (0.0186569,0.0426755,0.998915) (0.498035,-0.80507,0.322217) (0.982633,0.120222,0.141344) (-0.010508,-0.0202352,-0.99974) (0.560413,0.685175,-0.465267) (-0.45526,0.850625,-0.263014) (-0.827896,-0.258313,-0.497857) (0.103026,0.96499,0.241206) (-0.364433,-0.926721,0.0915246)
49 -5.9609e-05 7.41066e-05 -0.000126113 (-0.920693,0.137663,0.365203) (-0.652335,-0.486583,0.581117) (-0.717334,0.682534,0.139925) (0.145739,-0.253189,-0.956376) (-0.162821,-0.882502,-0.441225) (-0.886235,-0.0321765,-0.462118) (0.302926,-0.818973,0.487358) (0.689379,-0.451982,-0.5661) (0.748777,-0.423978,0.509485) (-0.0228522,-0.477175,0.878511) (-0.419036,0.611942,-0.670772) (0.211748,0.691798,0.690346) (0.777309,0.588826,-0.221527)
56 -0.000184923 -1.93668e-05 -1.44795e-05 (0.24782,-0.825062,-0.507796) (-0.475422,-0.514855,-0.713371) (0.337558,-0.43886,-0.83274) (-0.155708,0.942636,-0.295285) (0.652335,0.486583,-0.581117) (-0.700324,0.711538,-0.0570988) (-0.326504,-0.391232,0.860426) (-0.0225189,-0.981242,-0.191461) (0.337235,-0.911887,0.233955) (-0.268321,0.367404,-0.890516) (0.237895,0.204475,0.949524) (-0.749592,0.127511,0.649502) (-0.722744,-0.456109,0.519235) (-0.983065,0.00336059,-0.183225) (0.967101,0.148804,0.206332) (0.859276,-0.507168,0.0665183) (0.594211,0.801968,0.0613175)
149 -6.31885e-05 -6.35833e-07 1.14927e-05 (0,0,0) (0.144786,0.59146,0.793229) (0.717624,-0.432683,0.545713) (0.748538,0.626928,0.21599) (0.954325,-0.0210224,-0.298031) (-0.358636,0.131718,0.924138) (-0.967101,-0.148804,-0.206332) (-0.721015,-0.379816,0.579549) (0.25936,-0.349872,0.900179) (-0.12418,-0.982961,0.135525) (0.509571,-0.858164,-0.0623852) (0.206565,0.977485,-0.0430513) (0.0228522,0.477175,-0.878511) (-0.124828,-0.476769,-0.87012) (-0.227535,-0.804637,-0.54844)
46 0.00019729 3.94268e-05 -2.62281e-05 (0.0310785,-0.130718,-0.990932) (-0.939261,-0.339569,-0.0498234) (-0.611703,-0.14936,-0.77686) (-0.498093,0.617321,-0.608948) (-0.391416,0.909303,0.141286) (0.544213,0.707501,-0.45086) (0.276079,0.289075,0.916633) (0.745185,0.124257,0.655179) (-0.400301,-0.864815,0.303074) (0.38593,-0.878622,-0.281214) (-0.536325,0.648067,0.540708) (-0.191012,-0.24832,0.949659) (0.207236,-0.903005,0.376344) (0.888698,-0.000770646,-0.458492)
80 7.788e-05 -3.74337e-06 -3.25623e-05 (0.020048,0.810337,-0.585622) (-0.158115,0.0371827,-0.98672) (-0.748777,0.423978,-0.509485) (-0.383018,-0.896424,0.222983) (0.361035,-0.818644,0.446627) (-0.0751814,-0.463686,0.882804) (-0.423477,0.893139,0.151561) (0.816714,-0.539743,-0.204097) (0.939261,0.339569,0.0498234) (0.499737,0.0239023,0.865848) (-0.954325,0.0210224,0.298031) (0.168125,-0.766148,-0.620283) (0.181139,0.830498,0.526747) (0.53288,0.0679819,-0.843455)
94 0.000167376 5.37183e-07 0.000122499 (0.126115,-0.920245,0.370466) (0.398604,-0.853234,-0.336313) (0.680717,-0.570479,0.459541) (-0.343058,0.865062,-0.366031) (-0.627138,0.333976,0.703675) (0.636382,0.722557,0.270054) (-0.785733,-0.610423,-0.100037) (-0.265806,-0.741176,-0.616445) (-0.499737,-0.0239023,-0.865848) (0.191012,0.24832,-0.949659) (0.941032,0.330856,-0.0706644)
129 0.000272849 -0.000132593 -8.1285e-05 (-0.200116,-0.208051,0.957428) (0.750588,0.491497,0.441643) (0,0,0) (0.610046,0.107829,-0.784995) (0.896443,-0.174624,0.407304) (0.427167,-0.814944,0.391656) (0.0104401,-0.894341,-0.447265) (-0.0435687,-0.666724,0.744031) (-0.839673,-0.236548,-0.48887) (0.292129,0.954401,-0.0614678) (-0.38593,0.878622,0.281214) (-0.798653,0.102789,0.592949) (-0.816714,0.539743,0.204097) (0.655057,0.69228,-0.302735) (-0.314081,0.658524,-0.683885) (0.122876,0.0577135,-0.990742)
153 0.000126392 -0.000113743 2.74502e-05 (0.798653,-0.102789,-0.592949) (-0.361035,0.818644,-0.446627) (0.400301,0.864815,-0.303074) (0.357324,-0.234197,0.904141) (0.265806,0.741176,0.616445) (-0.561196,0.327278,0.760229) (0.896738,-0.375544,0.234154) (-0.944639,-0.233137,-0.230876) (0.0137334,-0.770957,0.636739) (-0.696668,-0.642255,-0.319628) (-0.0501256,-0.30021,-0.952555) (0.64029,-0.736762,0.217281)
193 6.57763e-05 -7.83936e-05 0.000109563 (0.191305,0.959531,-0.206648) (0.219824,0.769668,0.599407) (0.785733,0.610423,0.100037) (0.753684,-0.467115,0.462346) (-0.406169,-0.0904224,0.909313) (0.316371,-0.925559,0.207965) (0.561196,-0.327278,-0.760229) (0.0751814,0.463686,-0.882804) (-0.717624,0.432683,-0.545713) (-0.347452,-0.464475,-0.81458) (-0.644313,-0.723341,-0.248271) (-0.429059,0.859352,0.278249) (-0.376612,-0.870043,0.318101) (-0.832832,0.433081,0.34472)
120 0.000325467 3.93156e-05 -9.23567e-05 (0.0327666,0.234726,-0.971509) (0.853949,-0.105781,-0.509491) (0.203187,-0.806693,-0.554942) (-0.264043,0.959886,-0.0943375) (-0.650829,-0.14437,-0.745372) (-0.888698,0.000770646,0.458492) (0.410535,0.778414,0.474903) (0.12392,0.125827,0.984282) (0.990964,0.122737,0.0540846) (0.71385,-0.270862,0.645796) (0.757622,0.648391,0.0748196) (-0.292129,-0.954401,0.0614678) (-0.308546,-0.76314,0.567817)
158 0.000458367 -1.11117e-05 2.78736e-05 (-0.811181,-0.573541,0.114177) (-0.750588,-0.491497,-0.441643) (0.339394,-0.940504,0.0162564) (0.384265,0.51404,-0.766879) (-0.71385,0.270862,-0.645796) (-0.695792,0.492385,0.522907) (-0.0960338,0.99519,0.0193493) (0.869219,-0.231131,-0.437077) (0.863447,0.308921,0.398781) (-0.183682,-0.0853764,0.979271) (-0.121965,0.574379,0.809452) (-0.184705,0.205251,-0.961122) (0.208726,-0.375716,-0.902924) (-0.3503,-0.393525,-0.849958) (-0.636376,-0.355565,0.684543)
171 0.000350783 6.50213e-05 0.000108726 (0.391487,0.847569,-0.35828) (0.648749,-0.00965136,-0.760942) (-0.12392,-0.125827,-0.984282) (0.47499,-0.593786,0.649464) (0.791229,0.229749,0.56672) (-0.177387,0.137996,0.974418) (-0.287602,-0.828592,0.480334) (-0.079111,0.919232,-0.385687) (-0.181128,0.970478,0.159263) (0.695792,-0.492385,-0.522907) (-0.852705,0.285881,0.437226) (0,0,0) (-0.120138,0.772411,0.623657) (-0.41686,-0.887329,-0.197166) (-0.941032,-0.330856,0.0706644) (-0.745185,-0.124257,-0.655179) (-0.244651,0.402018,-0.882342)
183 0.000513471 6.2601e-05 -8.20959e-05 (0.88687,-0.10571,-0.449764) (0.810509,-0.581947,-0.0664377) (0.0158569,-0.779464,-0.626246) (-0.755489,-0.299544,-0.582674) (-0.384265,-0.51404,0.766879) (0,0,0) (-0.990964,-0.122737,-0.0540846) (0.425758,-0.126524,0.895948) (-0.34758,0.792702,0.500811) (-0.00866064,0.998171,0.0598369) (-0.648749,0.00965136,0.760942) (0.321553,0.743358,-0.586535) (0.443868,0.763114,0.469721) (0.0226532,-0.906829,0.420889) (0.0148323,0.331953,-0.943179)
2 0.000708927 -7.77371e-05 -9.81175e-05 (0.102762,-0.699848,-0.706861) (1,-0,0) (0.0242513,-0.973517,0.227326) (-0.754051,-0.409761,0.513325) (-0.869219,0.231131,0.437077) (-0.810509,0.581947,0.0664377) (0.340591,-0.326322,0.881766) (0.447403,0.892112,0.0629814) (-0.300306,0.0128138,-0.953757) (-0.819734,-0.167253,-0.54778) (-0.515208,0.812707,-0.272156) (-0.45347,0.464814,0.760468) (-0.62381,-0.779113,0.0620047)
95 0.000764161 3.23989e-05 -9.03421e-05 (-0.16655,0.516221,0.840106) (-0.313609,0.936836,0.154877) (-0.594629,0.701372,0.393057) (-0.482041,-0.547991,-0.683624) (1,-0,0) (-0.447403,-0.892112,-0.0629814) (-0.294381,0.58528,-0.755505) (-0.931737,0.113266,-0.345016) (-0.0566573,-0.8161,0.575126) (-0.679151,0.0230144,0.733638) (0.00568301,0.124835,0.992161)
123 0.000595917 3.81002e-05 9.14004e-05 (0.0462573,0.920725,-0.387461) (-0.603056,0.767422,-0.217687) (-0.859579,0.280667,0.427025) (-0.863447,-0.308921,-0.398781) (-0.241844,-0.896349,0.371577) (-0.786695,-0.298161,0.540565) (-0.318885,-0.913396,-0.253023) (0.669264,-0.67333,-0.314185) (0.45347,-0.464814,-0.760468) (0.679151,-0.0230144,-0.733638) (0.705237,0.690295,0.16166) (0.242699,0.0757428,0.96714) (0.898138,0.143143,0.415762) (-0.281098,0.533382,0.797802) (-0.425758,0.126524,-0.895948) (-0.340648,0.656188,-0.673333) (-0.201979,-0.106367,0.973597) (0.139675,0.0459353,-0.989131) (0.367131,-0.394381,0.842424)
142 0.000753547 -0.000120488 1.74011e-05 (0.0503129,0.771579,0.63414) (1,0,0) (0.0566573,0.8161,-0.575126) (0.114041,-0.165721,0.979557) (-0.00844525,-0.948547,0.316524) (-0.340591,0.326322,-0.881766) (-0.744983,-0.311397,0.589943) (-0.172509,-0.405832,0.89752) (-0.669264,0.67333,0.314185) (-0.314779,0.298117,0.901133) (-0.271591,-0.811384,-0.517585) (-0.967017,-0.248617,0.0553883) (-0.541824,-0.761332,0.35609)
22 -0.000587129 0.000179526 0.000116083 (0.613852,0.735278,-0.287319) (0.980847,0.193476,0.022521) (0.404008,0.133641,-0.904941) (-0.982605,0.144449,0.116709) (-0.263234,0.926899,0.267518) (-0.712989,0.0878639,-0.695648) (-0.862602,-0.340681,0.373971) (-0.411847,0.672536,0.61488) (-0.740768,-0.019784,0.671469) (0.630195,-0.700552,0.334785) (0.473208,0.266855,0.839561) (-0.614459,-0.759905,-0.212094) (0.087737,0.647686,-0.756839) (0.157826,-0.982072,0.103082) (0.0169801,-0.851174,-0.524609) (0.220098,-0.575024,0.787975) (0.637071,-0.743042,-0.205008) (-0.044272,-0.834796,0.548776)
40 -0.000691826 0.000192428 1.39326e-05 (-0.22782,-0.382857,0.895276) (0.712989,-0.0878639,0.695648) (-0.575132,0.100698,0.811839) (0.329897,0.621859,0.710253) (0,1,0) (0.114096,0.288576,-0.950635) (0.691591,0.664144,-0.283928) (-0.34032,-0.908437,-0.242743) (-1,0,0) (-0.0581648,-0.706012,-0.705807) (-0.0470101,-0.922014,0.384292) (0.993279,0.0302048,-0.111731) (0.00441901,-0.150748,-0.988562) (-0.300788,-0.0134328,-0.953597)
20 -0.000394439 0.000217535 0.000120507 (-0.0910804,-0.931333,0.352594) (0.411793,-0.896077,-0.165745) (0.761827,-0.382758,0.522605) (0.133624,0.168601,0.976585) (-0.452207,0.0985794,0.886449) (0.317103,0.296701,-0.900785) (0.616028,0.0567955,-0.785674) (0.406847,-0.535551,-0.740041) (0.298322,0.560227,0.772755) (-0.437122,0.785608,-0.437886) (0.798712,0.55059,0.242715) (-0.980847,-0.193476,-0.022521) (-0.741182,-0.108108,-0.662542) (-0.103026,-0.96499,-0.241206) (0,0,0) (-0.91079,0.389107,0.138046)
21 -0.000504089 0.000269295 -0.000108007 (0.978019,0.159378,-0.134457) (0,1,0) (0.249086,0.351701,0.902365) (-0.835078,-0.470093,-0.285756) (-0.226789,-0.554169,0.800914) (-0.621438,0.386301,0.681605) (-0.0388087,0.0364675,-0.998581) (0.0313206,-0.741444,-0.670284) (-0.70163,0.0348466,-0.711689) (0.729841,-0.604483,0.319267) (0,0,0) (-0.439221,-0.828797,-0.346671)
34 -0.000533577 0.00019724 -3.86837e-06 (-0.316024,-0.526821,-0.789042) (-0.676566,-0.142519,-0.722459) (0.226789,0.554169,-0.800914) (-0.404008,-0.133641,0.904941) (0.741182,0.108108,0.662542) (0.449476,0.817518,0.36005) (0.149511,-0.258008,-0.954504) (0.129212,-0.754558,-0.643387) (0.45526,-0.850625,0.263014) (-0.1798,-0.976588,-0.118098) (-0.685043,-0.646988,0.334847) (-0.993279,-0.0302048,0.111731) (-0.292626,0.918926,-0.264473) (-0.687663,-0.557356,-0.465267) (0.452436,-0.864605,-0.21854) (0.928525,-0.360274,-0.0896924) (-0.250992,-0.835809,-0.488289)
191 -0.000569464 0.000309934 -3.63024e-05 (-0.691591,-0.664144,0.283928) (0.292626,-0.918926,0.264473) (-0.087737,-0.647686,0.756839) (-0.520834,-0.625072,-0.581392) (-0.359851,-0.133414,-0.923422) (0.621438,-0.386301,-0.681605) (0.757994,0.159559,0.632444) (0,1,0) (-0.282535,0.0326566,0.958701)
200 -0.000458811 0.000333226 5.60225e-05 (0.622842,-0.126508,-0.772051) (0.968956,0.0276209,-0.245685) (0.884417,-0.0743623,0.460735) (-0.449476,-0.817518,-0.36005) (-0.249086,-0.351701,-0.902365) (0.437122,-0.785608,0.437886) (0.515182,-0.182465,0.837433) (0,1,0) (-0.364058,0.00951899,0.931328) (-0.613852,-0.735278,0.287319) (-0.856001,-0.0857764,0.509808) (-0.757994,-0.159559,-0.632444) (-0.0994615,-0.367396,0.924731) (0.522827,-0.800311,-0.29352)
74 -2.01526e-05 0.000203014 2.52341e-06 (-0.951736,-0.293689,-0.0891393) (-0.594211,-0.801968,-0.0613175) (-0.398934,-0.627849,0.668325) (-0.0801582,0.452158,0.888329) (-0.670319,0.730048,-0.13305) (-0.762101,0.371056,0.530585) (0.965282,0.260715,0.0160778) (0.661889,0.518447,0.541401) (-0.898902,0.130591,-0.418237) (-0.729726,-0.171647,0.661844) (0.515769,-0.106955,-0.850025) (0.423477,-0.893139,-0.151561) (-0.211748,-0.691798,-0.690346) (0.4784,0.389287,-0.78714) (0.843526,-0.377788,0.381758) (-0.206565,-0.977485,0.0430513) (-0.0701512,-0.432563,0.89887) (-0.410981,-0.105341,-0.905537)
115 -0.000226612 0.000233008 -9.35369e-05 (0.534673,-0.316226,-0.783662) (0.518175,0.717671,0.465234) (0.898902,-0.130591,0.418237) (-0.0893308,-0.264782,0.960162) (-0.534446,-0.735227,0.416904) (0.717334,-0.682534,-0.139925) (0.155708,-0.942636,0.295285) (-0.0929556,0.304986,0.947809) (-0.694079,0.614819,-0.374502) (-0.0157189,0.218803,-0.975642) (-0.101629,-0.780692,-0.616596) (-0.616028,-0.0567955,0.785674)
182 -0.000147851 0.000342091 -2.28232e-05 (-0.794455,-0.204316,-0.571924) (-0.483088,-0.122002,0.86703) (-0.968956,-0.0276209,0.245685) (-0.518175,-0.717671,-0.465234) (0.670319,-0.730048,0.13305) (0.069977,-0.613431,-0.786642) (0.803751,-0.106684,-0.585322) (0.730403,-0.508535,-0.455965) (0.882454,-0.103642,0.458839) (0,1,0) (0.374,-0.0639553,0.925221) (-0.36037,-0.365317,-0.858299) (0.924317,-0.368794,0.0981304)
4 0.000110238 0.000144616 6.1535e-05 (0.254056,0.409235,0.876346) (-0.0655015,-0.613461,0.787004) (0.797593,-0.26153,0.543551) (-0.748538,-0.626928,-0.21599) (-0.191305,-0.959531,0.206648) (-0.119285,0.159438,-0.979975) (-0.843526,0.377788,-0.381758) (0.0120306,0.855681,-0.517364) (0.0420966,0.950829,0.306841) (-0.181139,-0.830498,-0.526747) (0.736016,0.0710854,-0.673221) (0.829613,0.531413,-0.171296) (0.343058,-0.865062,0.366031) (0.536325,-0.648067,-0.540708) (-0.78095,-0.130938,0.610715) (0.783476,0.531023,0.322771)
19 0.000117601 0.000310914 0.000115201 (0.90222,-0.102915,-0.418818) (-0.0457024,-0.547136,-0.835795) (0,1,0) (-0.661889,-0.518447,-0.541401) (-0.0420966,-0.950829,-0.306841) (0.528502,-0.83167,0.170325) (0.977123,-0.154469,0.146183) (0.300568,-0.364133,0.881514) (-0.604301,-0.76132,0.23497) (-0.78522,0.0641499,0.615886) (-0.882454,0.103642,-0.458839) (0.572235,-0.0025147,0.820086)
119 0.00011156 0.000238588 4.71721e-06 (-0.0118701,0.307907,-0.951342) (-0.924317,0.368794,-0.0981304) (0,1,-0) (0.975959,0.21234,0.0491443) (0.0457024,0.547136,0.835795) (0.803916,-0.341203,-0.487134) (-0.0120306,-0.855681,0.517364) (0.391416,-0.909303,-0.141286) (-0.965282,-0.260715,-0.0160778) (-0.159108,-0.310959,-0.937011) (0.807289,0.169622,0.565255) (0.564403,0.363065,-0.741372)
48 0.00054086 0.000326367 2.97568e-05 (0.513264,-0.849889,-0.119364) (-0.171578,-0.763604,-0.622471) (0.274322,0.142637,-0.951001) (-0.79455,-0.606767,0.0228908) (-0.606874,0.118616,-0.785897) (-0.62571,0.0716094,0.776762) (0,1,-0) (0.898127,-0.216532,0.38273) (0.809552,-0.372599,-0.453647)
71 0.000573197 0.000343181 -8.23473e-05 (0.789257,-0.580223,0.201034) (0.199075,-0.769248,0.607147) (-0.38905,-0.919638,0.0539075) (-0.274322,-0.142637,0.951001) (-0.998155,0.00988997,-0.0599097) (-0.174522,-0.292601,-0.940174) (0,1,0) (0.602987,-0.243649,0.759633) (-0.00511771,-0.803877,-0.594773)
76 0.000448513 0.000344416 -8.98308e-05 (0.998155,-0.00988997,0.0599097) (0,1,0) (0.606874,-0.118616,0.785897) (-0.385848,-0.665345,-0.639091) (0.400075,-0.911022,0.0998961) (-0.0932412,-0.628644,0.772083) (-0.853398,-0.0257947,-0.52062) (0.53206,-0.269497,-0.802672) (0.0847998,-0.0448586,0.995388) (-0.696041,-0.345232,0.629557)
98 0.000512285 0.000199199 -7.39073e-05 (0.00866064,-0.998171,-0.0598369) (-0.757622,-0.648391,-0.0748196) (-0.977129,-0.164147,-0.135185) (0.713305,0.160415,0.682249) (0.171578,0.763604,0.622471) (-0.560951,0.323587,0.761987) (-0.424056,-0.826264,-0.370761) (-0.710302,0.218581,-0.669099) (0.461073,-0.0050238,-0.887348) (0.38905,0.919638,-0.0539075) (0.340648,-0.656188,0.673333) (-0.400075,0.911022,-0.0998961) (0.941961,0.316532,0.11188) (0.170707,0.505745,-0.845625) (0.57773,-0.746255,-0.330654)
148 0.000433698 0.000244532 3.28441e-05 (-0.391487,-0.847569,0.35828) (-0.663595,-0.384991,-0.641423) (-0.410535,-0.778414,-0.474903) (0.250646,0.689052,0.679989) (0.79455,0.606767,-0.0228908) (0.0932412,0.628644,-0.772083) (0.984638,-0.140602,-0.103528) (0.603056,-0.767422,0.217687) (0.560951,-0.323587,-0.761987) (0.398224,-0.37096,0.838932) (-0.725258,0.211331,0.65524) (-0.913933,0.376034,-0.152723) (0.34758,-0.792702,-0.500811) (0.0960338,-0.99519,-0.0193493) (-0.204307,-0.0290861,-0.978475) (-0.467905,-0.111592,0.876705) (0.0154358,-0.746798,0.664871)
173 0.000331723 0.000286489 1.58035e-05 (0.756148,0.271316,0.595506) (0.696041,0.345232,-0.629557) (0,1,0) (-0.162431,-0.046744,0.985612) (-0.90222,0.102915,0.418818) (0.913933,-0.376034,0.152723) (0.249278,-0.220541,-0.942986) (-0.975959,-0.21234,-0.0491443) (-0.225534,-0.700389,-0.677193) (-0.829613,-0.531413,0.171296) (-0.277266,0.22673,-0.933658) (-0.315369,-0.756236,0.573279) (0.079111,-0.919232,0.385687)
180 0.000466559 0.00033487 0.000121994 (-0.666533,-0.0846981,0.740648) (0.29936,-0.781127,0.547927) (0,1,0) (-0.656647,-0.544304,0.522062) (-0.935779,-0.32676,0.132461) (-0.250646,-0.689052,-0.679989) (0.978304,-0.200131,-0.0535659) (0.661416,-0.548273,-0.511786) (-0.118036,-0.974153,0.192597) (-0.756148,-0.271316,-0.595506) (-0.0847998,0.0448586,-0.995388) (0.62571,-0.0716094,-0.776762)
189 0.000291681 0.00016214 -0.000104428 (0,0,0) (0.977129,0.164147,0.135185) (0.264043,-0.959886,0.0943375) (-0.141174,-0.23504,0.961679) (-0.544213,-0.707501,0.45086) (0.244651,-0.402018,0.882342) (0.63401,0.505079,-0.585599) (0.225534,0.700389,0.677193) (0.663595,0.384991,0.641423) (-0.736016,-0.0710854,0.673221) (-0.803916,0.341203,0.487134) (-0.40828,-0.695564,-0.591184) (0.679401,-0.693467,-0.239829) (-0.373727,-0.28396,-0.883003) (-0.119037,0.873007,-0.472957) (-0.954725,0.0894127,-0.283736) (-0.712649,0.568698,-0.410748) (0.222071,-0.471637,-0.853372)
41 0.000605059 0.000220063 1.48267e-05 (-0.256649,-0.283252,0.924067) (0.728983,0.37997,0.569392) (-0.661416,0.548273,0.511786) (-0.513264,0.849889,0.119364) (0.730976,0.335962,-0.593973) (-0.713305,-0.160415,-0.682249) (-0.199075,0.769248,-0.607147) (0.697511,-0.345854,0.627586) (-0.984638,0.140602,0.103528) (-0.0462573,-0.920725,0.387461) (-0.157671,-0.10349,-0.982054) (0.101592,-0.736726,-0.668516) (-0.443868,-0.763114,-0.469721) (0.594629,-0.701372,-0.393057) (-0.638382,-0.493641,0.590582)
44 0.000688502 0.000258414 -5.29774e-05 (0.313609,-0.936836,-0.154877) (0.168315,-0.479513,0.861242) (-0.730976,-0.335962,0.593973) (-0.809552,0.372599,0.453647) (0.214438,0.142661,0.966263) (0.105697,-0.565699,-0.81781) (0,1,0) (1,0,-0) (-0.789257,0.580223,-0.201034) (-0.611443,0.158382,-0.775276) (-0.941961,-0.316532,-0.11188) (-0.615194,-0.316889,-0.721885) (-0.254793,-0.892266,-0.372749)
59 0.000722384 0.000161888 0.00012039 (0.369823,-0.826816,0.423799) (-0.705237,-0.690295,-0.16166) (0.16655,-0.516221,-0.840106) (0.015033,0.994528,-0.103386) (1,0,-0) (-0.168315,0.479513,-0.861242) (-0.697511,0.345854,-0.627586) (-0.306999,-0.460813,0.832708) (-0.807112,-0.066419,0.586651)
165 0.000724202 0.000282164 0.000107887 (0,0,1) (1,0,-0) (0,1,0) (-0.602987,0.243649,-0.759633) (-0.214438,-0.142661,-0.966263) (-0.978304,0.200131,0.0535659) (-0.681679,-0.497411,0.536559) (-0.015033,-0.994528,0.103386) (-0.231566,-0.721805,0.652208) (-0.728983,-0.37997,-0.569392) (-0.898127,0.216532,-0.38273) (0.180617,-0.945614,0.270539)
3 -0.000598887 -0.00025004 0.000146573 (-0.928995,-0.314091,-0.195744) (-0.300738,-0.408245,0.861912) (-0.865254,0.0603483,0.497687) (0.472473,-0.494274,-0.7297) (-0.139115,0.804765,-0.577061) (0.81274,0.25198,-0.525318) (-0.00505235,0.821129,0.570721) (-0.962921,0.232384,-0.137046) (0.482506,-0.849033,0.215246) (0.273118,0.96169,-0.023663) (0.579881,0.109092,0.807364) (-0.0206099,0.206417,-0.978247) (-0.0127481,-0.398053,-0.917274) (0.910082,-0.212545,0.355776)
122 -0.000643683 -0.000310849 0.000274958 (0.173978,0.98474,0.00426993) (0.874712,0.448676,0.183215) (0.300738,0.408245,-0.861912) (-0.401902,0.136078,-0.905515) (0.660839,-0.206233,-0.721637) (0,-1,0) (0,-0,1) (-0.867908,0.470599,-0.158971) (-0.413436,0.896039,0.161821)
184 -0.000778999 -0.000237477 0.000250172 (0.443937,-0.330645,-0.832823) (0.865254,-0.0603483,-0.497687) (0.867908,-0.470599,0.158971) (0.0472144,0.93606,0.348658) (0.713773,0.692743,0.103124) (0,-1,0) (-1,0,0) (0,0,1) (-0.0356036,0.23941,-0.970266)
62 -0.000482414 -0.000228128 0.000308736 (-0.874712,-0.448676,-0.183215) (-0.579881,-0.109092,-0.807364) (-0.340227,-0.59232,-0.730344) (-0.0739164,0.0395288,-0.996481) (-0.270556,0.666257,-0.694911) (-0.574515,0.802751,-0.159762) (0.263234,0.87378,-0.408921) (0.867448,-0.11137,-0.484902) (0,-0,1) (-1.0761e-16,-1,-2.31e-16) (0.49645,0.393386,-0.773812) (-0.166973,0.976466,0.136504) (0.257924,-0.460386,-0.849424) (0.748186,0.657253,0.090747)
67 -0.000295617 -0.00025211 0.000204317 (0.264524,0.931557,-0.249456) (0.865311,-0.0275617,0.500477) (0.955153,-0.295943,-0.0100439) (0.785582,-0.0308642,-0.617987) (0,-1,0) (-0.867448,0.11137,0.484902) (0,0,1) (-0.331044,0.745623,-0.578322) (-0.447158,0.894414,0.00854095) (0.104429,0.846247,0.522457) (-0.294039,0.0861546,-0.951902) (-0.849342,0.137538,-0.509609) (-0.978723,-0.205182,0.00102929) (0.373368,0.0372952,-0.926934) (-0.792303,-0.24021,-0.560852)
137 -0.000547221 -0.000340953 0.000169621 (-0.482506,0.849033,-0.215246) (0.340227,0.59232,0.730344) (0.824378,0.481299,0.297911) (0.135295,0.13538,-0.981513) (5.0387e-17,-1,-5.50226e-17) (-0.918443,0.296646,-0.261654) (-0.660839,0.206233,0.721637) (0.304838,0.773626,-0.555497)
175 -0.000450757 -0.000284634 0.00020448 (0.978723,0.205182,-0.00102929) (-0.257924,0.460386,0.849424) (0,-1,0) (-0.419242,-0.204653,-0.884507) (-0.32974,0.445613,-0.832286) (-0.910082,0.212545,-0.355776) (-0.824378,-0.481299,-0.297911) (-0.394157,0.883047,-0.254694) (0.464899,0.752897,-0.465849)
87 -4.32651e-05 -0.000330299 0.000201664 (0.951519,0.0238483,0.306664) (-0,-1,0) (0.89948,0.348497,-0.263601) (0.193491,0.964093,0.181897) (-0.233058,0.472322,0.850057) (0.403299,0.728144,0.554216) (0.0254834,0.256839,-0.966118) (-0.296517,0.395911,-0.869098) (-0.668141,0.734087,-0.121255) (-0.955153,0.295943,0.0100439) (0.376612,0.870043,-0.318101)
195 -7.84321e-05 -0.000259028 0.000329932 (-0.865311,0.0275617,-0.500477) (3.94772e-17,7.94436e-17,1) (-0.659446,0.751583,0.0159306) (0,0,0) (0.406304,0.817644,-0.407892) (0.233058,-0.472322,-0.850057) (-0.603877,0.550291,-0.576639) (0,-1,-0) (0.824976,0.558558,-0.0861858) (0.970809,-0.203222,-0.127399)
23 0.00012906 -0.000263533 0.000151162 (0.866647,-0.0531904,-0.496079) (0.462764,0.846787,0.2623) (0.553931,-0.330894,0.763983) (-0.316371,0.925559,-0.207965) (-0.89948,-0.348497,0.263601) (-0.535634,0.737865,0.410672) (0.641551,0.563195,-0.520791) (-0.907764,0.014434,-0.419234) (-0.640888,-0.00216641,-0.767631) (0,-1,0) (-0.426192,0.413128,0.804789) (-0.0137334,0.770957,-0.636739) (-0.491117,0.553941,-0.672275)
140 0.000188627 -0.000154534 0.000184926 (-0.357324,0.234197,-0.904141) (0.397658,-0.0602337,-0.915554) (-0.462764,-0.846787,-0.2623) (0.422038,-0.658781,-0.622809) (0.20096,-0.832843,0.51574) (-0.753684,0.467115,-0.462346) (-0.126115,0.920245,-0.370466) (0.882945,0.431124,0.185848) (-0.902527,0.306501,0.302494) (-0.423634,0.903228,0.0686621) (-0.738917,-0.118295,0.663331) (-0.18071,0.865799,0.466621)
164 0.000229389 -0.000323465 0.000289537 (0.25833,0.903828,-0.341117) (-3.96357e-17,9.41022e-17,1) (0.665937,0.739706,0.096765) (0.994503,0.0118734,0.104037) (0,-1,0) (0.768316,0.118095,-0.629082) (-0.786458,0.606549,0.116547) (-0.20096,0.832843,-0.51574) (-0.553931,0.330894,-0.763983) (0.481266,-0.0401984,-0.875653) (0.153246,0.230413,-0.96095) (0.90159,0.32814,-0.281884) (-0.970809,0.203222,0.127399) (-0.951519,-0.0238483,-0.306664)
188 4.09959e-05 -0.000178168 0.000317456 (-0.310569,0.734208,-0.603726) (0.426192,-0.413128,-0.804789) (-0.403299,-0.728144,-0.554216) (-0.824976,-0.558558,0.0861858) (-1.5775e-16,-2.22133e-16,1) (0.786458,-0.606549,-0.116547) (0.738917,0.118295,-0.663331) (0.883291,0.260872,-0.389542) (0.291769,0.955324,0.0471966) (0.229066,0.853625,-0.467818)
187 0.000527652 -0.00021491 0.000196285 (0.744983,0.311397,-0.589943) (-0.0479062,0.202511,-0.978107) (0.606368,0.747946,0.269988) (0.544448,-0.634392,-0.548747) (-0.325747,-0.495389,-0.805282) (-0.90159,-0.32814,0.281884) (0.398568,-0.567732,0.720295) (-0.300166,0.733052,0.610357) (0.848109,-0.209034,-0.486843) (0.0968899,0.904788,0.414693) (0.753177,0.387938,0.531251) (-0.903995,0.425668,0.0400081) (-0.480765,0.874756,0.0605574) (0.92908,-0.0915108,0.35838) (0.241844,0.896349,-0.371577) (-0.89053,-0.191972,-0.412436)
7 0.000780127 -0.000159113 0.000245708 (-0.114041,0.165721,-0.979557) (-0.681061,0.727503,0.0830425) (-0.0610354,0.945669,-0.319352) (-0.690205,0.304288,0.656526) (0,-0,1) (1,0,0) (-0.131681,-0.52433,-0.841272) (-0.699112,-0.691363,0.182372)
33 0.000705946 -0.000232471 0.000265059 (-0.92908,0.0915108,-0.35838) (-0.0288854,0.891634,0.451835) (-0.188558,0.981613,-0.0297014) (0.699112,0.691363,-0.182372) (0,0,1) (1,0,0) (-0.700235,-0.57618,0.42153) (2.66275e-16,-1,-1.57366e-16) (-0.45908,-0.418894,-0.783437) (0.172509,0.405832,-0.89752) (0.224047,-0.182978,-0.957247)
138 0.000600749 -0.000319031 0.000328386 (0.700235,0.57618,-0.42153) (-4.96134e-17,9.39831e-17,1) (-5.72624e-17,-1,-1.18166e-16) (-0.994503,-0.0118734,-0.104037) (-0.466782,0.88423,-0.0158775) (0.463664,0.885102,-0.0401199) (-0.398568,0.567732,-0.720295) (0.0620867,0.0137923,-0.997975) (-0.43267,0.124963,-0.89285)
17 -0.000600033 -6.37835e-05 0.000276029 (0.574515,-0.802751,0.159762) (0.596301,0.610544,0.521211) (0,-0,1) (-0.567575,0.823316,0.00286736) (-0.95272,0.138346,0.270526) (-0.0794355,-0.34913,-0.933701) (-0.664693,-0.0147775,-0.746971) (0.366233,-0.0318133,-0.929979) (0.901857,0.264812,-0.341364) (-0.713773,-0.692743,-0.103124) (0.00505235,-0.821129,-0.570721) (-0.173978,-0.98474,-0.00426993) (0.044272,0.834796,-0.548776) (-0.540077,0.746847,-0.38799) (-0.405427,0.424597,-0.809534) (-0.657521,-0.506876,-0.557444)
27 -0.000734026 0.000121509 0.000179768 (-0.21989,-0.843996,-0.489202) (-0.43709,0.813642,-0.383326) (0.254948,-0.59974,-0.758495) (-0.265291,0.463841,0.845265) (-1,0,-0) (0.250994,0.914548,0.317183) (0.481768,0.869646,-0.107771) (0.862602,0.340681,-0.373971) (-0.159852,-0.734739,0.659246) (0.540077,-0.746847,0.38799) (0.733044,-0.374227,0.56798) (0.833545,0.387038,0.394214) (0.694278,-0.705951,-0.140042) (0.22782,0.382857,-0.895276)
86 -0.000769001 -3.92473e-05 0.000324008 (0.413436,-0.896039,-0.161821) (0.95272,-0.138346,-0.270526) (0,-0,1) (0.0205374,0.976381,-0.215077) (0.159852,0.734739,-0.659246) (-1,-0,-0) (0.974361,0.21249,0.0739547) (-0.0472144,-0.93606,-0.348658) (-0.0560999,-0.11176,-0.99215) (-0.0560721,-0.63104,-0.773721) (0.258643,0.296958,-0.919195)
16 -0.000547291 -6.83649e-05 0.000142103 (-0.562142,-0.582783,-0.586823) (-0.76878,0.549412,-0.327297) (-0.192598,0.00793653,-0.981246) (0.284057,-0.890964,-0.354252) (-0.273118,-0.96169,0.023663) (0.80115,0.327228,-0.501079) (0.832133,0.372198,0.411124) (0.945444,-0.273721,-0.176671) (-0.366233,0.0318133,0.929979) (0.107454,0.378606,0.919299) (-0.157826,0.982072,-0.103082) (-0.694278,0.705951,0.140042) (0.270556,-0.666257,0.694911) (-0.95639,0.00204837,-0.292085) (0.394157,-0.883047,0.254694)
25 -0.000523854 1.42145e-05 0.000342614 (-0.596301,-0.610544,-0.521211) (-0.107454,-0.378606,-0.919299) (0.613036,-0.138211,-0.777871) (-0.220098,0.575024,-0.787975) (-0.733044,0.374227,-0.56798) (0.169193,0.966131,-0.194845) (-0.811132,0.541241,-0.221637) (2.04347e-17,3.09522e-17,1) (0.976624,-0.212713,-0.0309742) (0.166973,-0.976466,-0.136504) (-0.974361,-0.21249,-0.0739547) (0.550536,0.833889,-0.0392449)
100 -0.000416685 -9.94717e-06 0.00020663 (0.447158,-0.894414,-0.00854095) (0.853761,-0.470327,-0.223351) (0.745091,-0.158132,0.647946) (0.714573,0.698357,0.0410126) (0.0910804,0.931333,-0.352594) (-0.250355,0.908531,0.334506) (0.172438,0.890582,0.420867) (-0.613036,0.138211,0.777871) (-0.901857,-0.264812,0.341364) (-0.263234,-0.87378,0.408921) (-0.0186569,-0.0426755,-0.998915) (0.694937,0.0518913,-0.717195) (0.388855,-0.692035,-0.608178) (-0.630195,0.700552,-0.334785) (-0.832133,-0.372198,-0.411124)
37 -7.89905e-05 0.000132833 0.000324304 (-0.67736,0.734395,-0.0429915) (0.288543,-0.0782213,-0.954266) (-0.842613,-0.145666,-0.518445) (0.176304,0.900688,-0.397087) (-0.737947,-0.673691,0.0396727) (-0.302749,-0.601656,-0.739157) (0.33135,-0.891786,-0.308098) (0,-0,1) (0.997036,-0.06747,0.0369771) (0.748843,-0.403408,-0.525828)
55 -0.000252531 -0.000100378 0.000163686 (0.721015,0.379816,-0.579549) (0.326504,0.391232,-0.860426) (0.68017,0.71516,0.160981) (-0.845022,-0.207875,-0.492672) (-0.853761,0.470327,0.223351) (-0.304607,0.729635,-0.612247) (-0.264524,-0.931557,0.249456) (0.621177,-0.633058,-0.461926) (0.668141,-0.734087,0.121255) (0.951251,0.030915,0.306864) (-0.0938952,0.325989,0.940699) (-0.0113141,0.978504,0.205917) (0.603877,-0.550291,0.576639) (0.231495,-0.522865,-0.820379)
108 -0.000167639 0.000117508 0.00026976 (-0.817858,0.28116,-0.502053) (0.813588,0.0182113,-0.581156) (0.274019,-0.735632,-0.619483) (-0.511216,-0.795677,0.324893) (0.842613,0.145666,0.518445) (-0,0,1) (0,0,0) (0.125697,0.881667,0.454823) (-0.797653,0.549721,0.248108)
116 -3.35327e-05 0.00012051 0.000173966 (0.604301,0.76132,-0.23497) (0.788751,0.475385,0.389719) (0.78095,0.130938,-0.610715) (0.429059,-0.859352,-0.278249) (-0.144786,-0.59146,-0.793229) (0.834791,-0.526477,0.161077) (-0.0376305,0.95038,0.308806) (-0.570986,0.443695,0.690732) (-0.288543,0.0782213,0.954266) (-0.813588,-0.0182113,0.581156) (0.167193,-0.93292,0.318915) (-0.716294,-0.68576,0.129064) (-0.975577,0.119462,0.18433) (0.722237,-0.00847401,0.691593) (0.0701512,0.432563,-0.89887) (-0.744838,0.66635,-0.0345587)
161 -0.00013321 2.50815e-05 0.000191926 (0.358636,-0.131718,-0.924138) (-0.68017,-0.71516,-0.160981) (-0.237895,-0.204475,-0.949524) (-0.69926,0.701593,0.137119) (-0.655163,-0.318262,0.68518) (0.302749,0.601656,0.739157) (-0.274019,0.735632,0.619483) (0.729299,-0.619916,0.289531) (-0.814133,-0.130931,-0.565724) (0.115784,-0.885708,-0.449572) (0.716294,0.68576,-0.129064) (-0.612603,0.294533,-0.733463) (0.398934,0.627849,-0.668325) (0.832832,-0.433081,-0.34472)
190 -0.000269586 -4.11664e-05 0.00033455 (0.9377,-0.173953,-0.300765) (0.655163,0.318262,-0.68518) (0.737947,0.673691,-0.0396727) (-0.309357,0.950889,-0.0103675) (0,0,1) (0.511216,0.795677,-0.324893) (-0.748186,-0.657253,-0.090747) (-0.976624,0.212713,0.0309742) (-0.104429,-0.846247,-0.522457) (-0.745091,0.158132,-0.647946) (0.0938952,-0.325989,-0.940699) (0.0634792,0.845007,-0.530973) (0.659446,-0.751583,-0.0159306)
90 0.000131624 0.000118572 0.000332116 (0.961394,-0.145867,-0.233333) (0.571097,-0.0977425,-0.815042) (0.282674,0.875492,-0.391931) (-0.609929,0.723087,-0.32424) (3.88575e-17,5.28004e-17,1) (0.592576,0.805204,0.0223633) (-0.997033,0.0675102,-0.0369822) (-0.48798,-0.808748,-0.328331) (-0.206597,-0.512235,-0.833626) (0.531954,-0.737731,-0.415666) (-0.722237,0.00847401,-0.691593) (0.18071,-0.865799,-0.466621) (-0.291769,-0.955324,-0.0471966)
101 4.55639e-06 -9.20225e-05 0.00024662 (-0.406304,-0.817644,0.407892) (-0.9377,0.173953,0.300765) (-0.951251,-0.030915,-0.306864) (0.406169,0.0904224,-0.909313) (-0.167193,0.93292,-0.318915) (0.565361,0.774832,-0.282846) (-0.33135,0.891786,0.308098) (0,0,1) (0.48798,0.808748,0.328331) (0.310569,-0.734208,0.603726) (-0.359746,-0.601093,-0.713632) (-0.25936,0.349872,-0.900179) (-0.729299,0.619916,-0.289531) (0.902527,-0.306501,-0.302494) (0.535634,-0.737865,-0.410672) (-0.193491,-0.964093,-0.181897)
124 9.87564e-05 3.70796e-05 0.000199492 (-0.748843,0.403408,0.525828) (-0.565361,-0.774832,0.282846) (0.206597,0.512235,0.833626) (0.315727,0.890717,0.327016) (-0.834791,0.526477,-0.161077) (0,0,0) (0.0655015,0.613461,-0.787004) (0.903773,0.355671,-0.2381) (0.627138,-0.333976,-0.703675) (0.807461,-0.589151,0.0301368) (0.423634,-0.903228,-0.0686621) (-0.219824,-0.769668,-0.599407) (0.906614,0.219456,0.360401) (-0.229066,-0.853625,0.467818)
166 0.000253033 9.77935e-05 0.000158848 (0.299693,0.950928,-0.0769416) (-0.528502,0.83167,-0.170325) (-0.395128,0.718808,0.572005) (0.185189,-0.956177,0.226782) (0.454156,-0.0525138,0.889373) (-0.903773,-0.355671,0.2381) (-0.797593,0.26153,-0.543551) (-0.276079,-0.289075,-0.916633) (-0.636382,-0.722557,-0.270054) (-0.571097,0.0977425,0.815042) (0.852705,-0.285881,-0.437226) (0.141174,0.23504,-0.961679) (0.997145,-0.0421345,0.0626602) (0.315369,0.756236,-0.573279) (0.460688,0.756948,0.463461)
30 0.000464958 -6.18015e-05 0.000323767 (0.73727,0.649442,-0.186166) (-0.321442,0.275958,-0.905827) (-0.683689,0.709106,-0.172445) (-0.665937,-0.739706,-0.096765) (0.300166,-0.733052,-0.610357) (0.466782,-0.88423,0.0158775) (-0.811565,-0.19815,-0.549635) (0,0,1) (0.966361,-0.256625,-0.0170158) (0.948804,0.099121,-0.299911)
42 0.000318367 9.02389e-05 0.000286793 (0.950362,-0.305181,0.0606301) (-7.77334e-18,-5.75166e-17,1) (0.683689,-0.709106,0.172445) (0.958663,0.246014,-0.142979) (0.177387,-0.137996,-0.974418) (0.602226,-0.665862,-0.4404) (-0.123983,-0.917373,-0.378226) (-0.961394,0.145867,0.233333) (-0.198389,0.955139,0.219889) (0.713498,-0.00129051,-0.700656) (-0.454156,0.0525138,-0.889373) (0.0605102,0.921291,-0.384138) (-0.686285,0.725458,-0.0521827) (-0.906614,-0.219456,-0.360401)
47 0.000436892 9.00245e-05 0.000170401 (0.709783,0.395805,0.582706) (-0.713498,0.00129051,0.700656) (0.606751,-0.393841,0.690466) (0.118036,0.974153,-0.192597) (-0.0154358,0.746798,-0.664871) (0.859579,-0.280667,-0.427025) (0.121965,-0.574379,-0.809452) (-0.101334,-0.944012,0.313962) (-0.608755,0.713592,0.346704) (-0.791229,-0.229749,-0.56672) (-0.549205,0.827809,-0.114484) (-0.997145,0.0421345,-0.0626602) (0.638382,0.493641,-0.590582)
58 0.000424338 -2.69289e-05 0.000209298 (0.786695,0.298161,-0.540565) (0.374728,-0.605014,-0.702522) (0.183682,0.0853764,-0.979271) (0.480765,-0.874756,-0.0605574) (0.78332,0.257449,0.5658) (0.321442,-0.275958,0.905827) (-0.47499,0.593786,-0.649464) (-0.863815,-0.503525,-0.0169168) (0.97836,-0.0541674,0.199693) (-0.602226,0.665862,0.4404) (0.101334,0.944012,-0.313962)
179 0.000552285 1.51229e-05 0.000301716 (-0.78332,-0.257449,-0.5658) (-0.73727,-0.649442,0.186166) (-0.950362,0.305181,-0.0606301) (-0.096921,0.935584,-0.339543) (0,0,1) (0.921512,0.374564,0.102556) (0.728709,-0.679313,0.086707) (-0.0968899,-0.904788,-0.414693) (0.857832,-0.40843,-0.311944) (-0.606751,0.393841,-0.690466) (0.201979,0.106367,-0.973597)
194 0.000292116 -0.000104002 0.000206709 (0.863815,0.503525,0.0169168) (0.123983,0.917373,0.378226) (0.811565,0.19815,0.549635) (-0.131456,-0.777679,-0.614764) (0.903995,-0.425668,-0.0400081) (-0.25833,-0.903828,0.341117) (-0.883291,-0.260872,0.389542) (-0.882945,-0.431124,-0.185848) (-0.531954,0.737731,0.415666) (0,0,1) (0.654614,-0.623566,-0.427371) (-0.289763,-0.352499,-0.889821) (0.76432,-0.257582,-0.591156) (-0.680717,0.570479,-0.459541) (-0.807461,0.589151,-0.0301368) (-0.185189,0.956177,-0.226782) (0.287602,0.828592,-0.480334) (0.636376,0.355565,-0.684543)
69 0.000651464 5.54358e-05 0.000312754 (0.27197,-0.961616,0.0364318) (1,2.49369e-16,-2.04574e-15) (0,-0,1) (-0.921512,-0.374564,-0.102556) (0.158246,-0.862308,-0.481023) (0.231566,0.721805,-0.652208) (0.623695,0.053071,-0.779864) (0.306999,0.460813,-0.832708) (-0.242699,-0.0757428,-0.96714) (-0.720343,0.583163,-0.375536)
88 0.00070246 -0.000124872 0.000319585 (0.690205,-0.304288,-0.656526) (-0.30641,0.774358,-0.553609) (0.252797,0.760182,-0.598512) (0.0288854,-0.891634,-0.451835) (0,-0,1) (-0.27197,0.961616,-0.0364318) (1,0,0) (-0.728709,0.679313,-0.086707) (-0.463664,-0.885102,0.0401199) (-0.753177,-0.387938,-0.531251) (-0.966361,0.256625,0.0170158)
131 0.000765652 6.51522e-05 0.000169974 (-0.369823,0.826816,-0.423799) (1,0,-0) (-0.00568301,-0.124835,-0.992161) (-0.898138,-0.143143,-0.415762) (-0.623695,-0.053071,0.779864) (-0.180617,0.945614,-0.270539) (-0.572561,-0.626175,0.529225) (-0.252797,-0.760182,0.598512) (0.0610354,-0.945669,0.319352) (-0.0503129,-0.771579,-0.63414)
146 0.000669066 -4.04784e-05 0.00025925 (0.572561,0.626175,-0.529225) (-0.158246,0.862308,0.481023) (0.30641,-0.774358,0.553609) (-0.367131,0.394381,-0.842424) (-0.857832,0.40843,0.311944) (0.681061,-0.727503,-0.0830425) (-0.606368,-0.747946,-0.269988) (-0.97836,0.0541674,-0.199693) (0.314779,-0.298117,-0.901133) (-0.487182,-0.456721,-0.744352) (-0.948804,-0.099121,0.299911) (0.188558,-0.981613,0.0297014)
72 -0.000626021 0.000316471 0.000155608 (-0.481768,-0.869646,0.107771) (-0.815061,-0.572744,-0.0874058) (0.263234,-0.926899,-0.267518) (-0.472684,0.0985155,0.875708) (-0.329897,-0.621859,-0.710253) (0.856001,0.0857764,-0.509808) (0.282535,-0.0326566,-0.958701) (0.91079,-0.389107,-0.138046) (0.655645,-0.367875,0.659392) (0,1,0) (0.503303,0.12478,0.855053)
110 -0.000677571 0.000327215 0.000251111 (0.962153,0.0625881,0.265226) (-0,1,0) (-0.716768,0.0230728,0.69693) (0.472684,-0.0985155,-0.875708) (0.885221,-0.413203,0.213651) (-0.490146,-0.859464,0.145186) (-0.532242,-0.616972,-0.57971) (-0.250994,-0.914548,-0.317183) (0.411847,-0.672536,-0.61488)
135 -0.000754601 0.000329694 0.000326009 (0.981719,0.0281069,-0.188248) (0,1,0) (0,0,1) (-0.115134,-0.542059,-0.832416) (-1,-0,-0) (-0.0607928,-0.95141,-0.301866) (0.941345,-0.322601,-0.0989885) (0.716768,-0.0230728,-0.69693)
162 -0.00078046 0.000207946 0.000139046 (0.575132,-0.100698,-0.811839) (0.815061,0.572744,0.0874058) (0.982605,-0.144449,-0.116709) (-1,-3.01493e-17,1.25309e-16) (0,1,0) (-0.0102098,-0.970018,-0.242818) (0.00569888,-0.79762,-0.603134) (0.43709,-0.813642,0.383326) (0.111898,-0.232455,0.966149) (0.532242,0.616972,0.57971) (0.115134,0.542059,0.832416) (0.412722,-0.854578,-0.31521)
197 -0.000764499 0.000174789 0.00027686 (0.265291,-0.463841,-0.845265) (-1,0,8.48819e-17) (-0.111898,0.232455,-0.966149) (0.0607928,0.95141,0.301866) (0.490146,0.859464,-0.145186) (-0.0205374,-0.976381,0.215077) (0.973418,0.217319,0.0723102) (0.801046,0.597514,0.0360878) (0,0,1) (0.811132,-0.541241,0.221637) (0.567575,-0.823316,-0.00286736) (0.740768,0.019784,-0.671469)
14 -0.000365592 0.000253932 0.000331333 (0.114124,0.373165,-0.920719) (-0.953669,-0.133599,-0.269569) (-0.547795,0.836487,0.014475) (0.749467,0.65996,-0.0524618) (0,0,1) (0.98123,-0.184949,-0.0546072) (-0.133624,-0.168601,-0.976585) (0.574729,-0.554187,-0.602132) (0.309357,-0.950889,0.0103675) (0.797653,-0.549721,-0.248108) (-0.550536,-0.833889,0.0392449) (-0.172438,-0.890582,-0.420867)
96 -0.000548933 0.000335583 0.000286571 (0.364058,-0.00951899,-0.931328) (0.940868,-0.191402,-0.279522) (0.543817,-0.833941,0.0938326) (-0.962153,-0.0625881,-0.265226) (0,1,0) (-0.503303,-0.12478,-0.855053) (0.934958,0.0651733,0.348721) (0,0,1) (-0.981719,-0.0281069,0.188248) (-0.801046,-0.597514,-0.0360878)
133 -0.000484798 0.000237233 0.000297637 (0.82419,0.365049,-0.432956) (-0.543817,0.833941,-0.0938326) (0.470447,0.838106,0.276149) (-0.473208,-0.266855,-0.839561) (-0.973418,-0.217319,-0.0723102) (-0.885221,0.413203,-0.213651) (0.452207,-0.0985794,-0.886449) (0.953669,0.133599,0.269569) (-0.941345,0.322601,0.0989885) (0.0994615,0.367396,-0.924731) (0,0,1) (-0.169193,-0.966131,0.194845) (-0.655645,0.367875,-0.659392) (0.250355,-0.908531,-0.334506) (-0.833545,-0.387038,-0.394214) (0.884091,-0.345137,-0.315062)
151 -0.000424733 0.00034424 0.000332896 (-0.470447,-0.838106,-0.276149) (-0,0,1) (-0.934958,-0.0651733,-0.348721) (0.998186,-0.0276686,-0.0534626) (0.547795,-0.836487,-0.014475) (0.529171,-0.357287,-0.769626) (0,1,-0)
172 -0.000352822 0.000295688 0.000228309 (-0.515182,0.182465,-0.837433) (0.83117,0.165773,-0.530732) (-0.298322,-0.560227,-0.772755) (0.62542,0.325843,0.708997) (0,1,0) (0.548459,-0.833248,-0.0699319) (-0.529171,0.357287,0.769626) (-0.82419,-0.365049,0.432956) (-0.114124,-0.373165,0.920719) (-0.940868,0.191402,0.279522)
52 -0.000153878 0.000214027 0.000319551 (-0.98123,0.184949,0.0546072) (-0.671312,0.740603,0.0291187) (-0.636314,-0.415859,-0.649743) (0.637728,0.624099,-0.451446) (-0.465973,0.484157,-0.740582) (0.570986,-0.443695,-0.690732) (0.67736,-0.734395,0.0429915) (-0.125697,-0.881667,-0.454823) (0,-0,1)
54 -0.0002554 0.000147678 0.000215887 (-0.0634792,-0.845007,0.530973) (0.69926,-0.701593,-0.137119) (0.817858,-0.28116,0.502053) (0.0113141,-0.978504,-0.205917) (0.975577,-0.119462,-0.18433) (0.0201427,0.955085,-0.295648) (0.636314,0.415859,0.649743) (-0.574729,0.554187,0.602132) (-0.714573,-0.698357,-0.0410126) (-0.884091,0.345137,0.315062) (-0.548459,0.833248,0.0699319) (-0.0568454,0.869216,0.491153) (-0.235555,-0.141562,-0.961496) (-0.188924,-0.724698,-0.662662) (0.729726,0.171647,-0.661844) (-0.761827,0.382758,-0.522605) (0.0893308,0.264782,-0.960162)
66 -0.000251853 0.000315825 0.000163837 (0.939519,0.0361645,0.340581) (0,1,0) (-0.0987232,0.147439,0.984132) (-0.172502,-0.0459472,-0.983937) (-0.884417,0.0743623,-0.460735) (0.483088,0.122002,-0.86703) (0.762101,-0.371056,-0.530585) (0.0929556,-0.304986,-0.947809) (-0.0201427,-0.955085,0.295648) (0.465973,-0.484157,0.740582) (-0.83117,-0.165773,0.530732) (0.744838,-0.66635,0.0345587) (-0.219782,-0.715226,-0.663437) (-0.798712,-0.55059,-0.242715) (0,0,0)
160 -0.00026797 0.000339895 0.000324499 (-0.749467,-0.65996,0.0524618) (0.671312,-0.740603,-0.0291187) (5.76709e-33,1.99885e-16,1) (-0.62542,-0.325843,-0.708997) (0.0987232,-0.147439,-0.984132) (0.0568454,-0.869216,-0.491153) (-0.998186,0.0276686,0.0534626) (3.0553e-17,1,1.94949e-16) (0.934904,-0.0659775,-0.348714)
174 -4.15867e-05 0.000323919 0.000240059 (0.0376305,-0.95038,-0.308806) (-0.637728,-0.624099,0.451446) (-0.939519,-0.0361645,-0.340581) (-0.176304,-0.900688,0.397087) (0.0801582,-0.452158,-0.888329) (-0.934904,0.0659775,0.348714) (-0,1,0) (0.926415,-0.343433,0.154303) (-5.58109e-15,-3.13982e-14,1) (0.609955,-0.723119,0.324121) (-0.374,0.0639553,-0.925221) (0.78522,-0.0641499,-0.615886)
60 0.000272673 0.000310232 0.000337439 (-0.572235,0.0025147,-0.820086) (0,1,0) (0.19023,-0.149662,-0.970265) (-0.744088,-0.486503,-0.457873) (0,0,1) (0.823031,-0.505824,-0.258381) (0.198389,-0.955139,-0.219889) (0.363973,-0.612881,-0.701357) (0.666533,0.0846981,-0.740648) (-0.592576,-0.805204,-0.0223633)
65 0.000172322 0.00024462 0.000275688 (-0.300568,0.364133,-0.881514) (0.395128,-0.718808,-0.572005) (-0.254056,-0.409235,-0.876346) (-0.788682,-0.475497,-0.389722) (0.744088,0.486503,0.457873) (0,1,0) (0,-0,1) (-0.926415,0.343433,-0.154303) (-0.282674,-0.875492,0.391931) (0.711901,0.184256,-0.677678) (0.686285,-0.725458,0.0521827) (0.95198,-0.157587,-0.262488) (-0.315727,-0.890717,-0.327016) (0,0,0)
28 0.000310585 0.000280406 0.000144072 (0.549205,-0.827809,0.114484) (0.725258,-0.211331,-0.65524) (0.148569,-0.561262,0.814194) (0.935779,0.32676,-0.132461) (-0.19023,0.149662,0.970265) (0.162431,0.046744,-0.985612) (0,1,0) (-0.977123,0.154469,-0.146183) (-0.711901,-0.184256,0.677678) (-0.807289,-0.169622,-0.565255) (-0.783476,-0.531023,-0.322771) (-0.299693,-0.950928,0.0769416) (0.181128,-0.970478,-0.159263)
105 0.000326827 0.000219044 0.000233087 (0.608755,-0.713592,-0.346704) (0.94234,-0.321541,0.0927687) (-0.0605102,-0.921291,0.384138) (-0.363973,0.612881,0.701357) (-0.95198,0.157587,0.262488) (0.656647,0.544304,-0.522062) (0,-0,1) (-0.148569,0.561262,-0.814194) (0.467905,0.111592,-0.876705) (-0.460688,-0.756948,-0.463461) (0.120138,-0.772411,-0.623657)
170 0.000538648 0.000146768 0.000253939 (0.096921,-0.935584,0.339543) (-0.958663,-0.246014,0.142979) (-0.709783,-0.395805,-0.582706) (0,0,1) (0.681679,0.497411,-0.536559) (0.720343,-0.583163,0.375536) (0.807112,0.066419,-0.586651) (0,1,0) (0.256649,0.283252,-0.924067) (-0.398224,0.37096,-0.838932) (-0.29936,0.781127,-0.547927) (-0.823031,0.505824,0.258381) (-0.94234,0.321541,-0.0927687) (0.281098,-0.533382,-0.797802)
